Importers	Exported value in 2010-M01	Exported value in 2010-M02	Exported value in 2010-M03	Exported value in 2010-M04	Exported value in 2010-M05	Exported value in 2010-M06	Exported value in 2010-M07	Exported value in 2010-M08	Exported value in 2010-M09	Exported value in 2010-M10	Exported value in 2010-M11	Exported value in 2010-M12	Exported value in 2011-M01	Exported value in 2011-M02	Exported value in 2011-M03	Exported value in 2011-M04	Exported value in 2011-M05	Exported value in 2011-M06	Exported value in 2011-M07	Exported value in 2011-M08	
"World"	692494	535837	687953	645822	644285	560627	528068	362827	497635	829638	779951	776429	802555	749642	910707	944726	791099	732157	690368	480259	
"China"	120237	82648	115076	122537	125422	93945	83273	30109	96066	152159	126005	177618	176497	223495	213993	155856	132221	86493	86946	45733	
"Australia"	29028	36001	34483	24127	32262	27680	30488	35070	34373	32457	31393	23359	34296	29497	29271	30327	38077	33482	29458	32819	
"Philippines"	46032	29131	37400	38139	28334	27527	34034	13128	22385	37444	29963	39710	31804	30494	26249	42921	30080	42365	32312	27715	
"Sri Lanka"	15324	16166	20476	15653	16093	22149	14032	17411	14843	21037	18425	13831	26327	15246	20654	18016	20155	23552	17850	25963	
"Japan"	28957	22866	20126	23576	26812	21467	20792	16853	16404	18878	24666	22554	24744	30931	24383	29132	25134	26487	39815	24379	
"Saudi Arabia"	20002	22877	28775	23333	15601	23918	16324	16856	12619	32177	42402	31239	35488	25304	38924	39110	26058	49110	26256	23944	
"Indonesia"	36575	20792	24877	18186	20591	19737	19725	9564	18184	19801	17717	16235	19063	17977	23542	30790	28649	33148	20418	22792	
"Singapore"	25953	22202	21104	22653	20724	23097	22838	13164	12780	21211	21790	23605	23507	14880	18221	21793	24548	28991	29235	21677	
"Malaysia"	35322	20000	25645	18018	27833	25083	21428	15668	18253	21099	26547	28474	33374	24577	32663	32320	35146	34157	27033	21464	
"Taipei, Chinese"	17332	14559	13561	13824	15698	17437	15042	11004	10634	20920	19137	17751	20164	22398	28210	27030	18632	13833	17476	20158	
"United States of America"	28141	15138	37538	24025	22821	23880	33743	17518	24863	25850	35142	19911	23682	29798	39296	19569	25393	26740	48979	16442	
"United Arab Emirates"	18821	13620	17598	17253	15228	17201	18815	14124	9283	22491	17098	14105	29152	22517	32045	30694	22622	28532	24108	15673	
"Thailand"	18440	13930	14783	16405	15503	18549	17693	15044	14228	32871	46300	21416	34459	33898	29223	21784	17110	14476	18358	13765	
"Korea, Republic of"	9703	8603	5617	6074	11432	6910	11751	5427	7545	7594	11378	10188	9676	10110	12880	17302	19765	11061	9752	10342	
"Russian Federation"	8316	9483	12735	5872	7503	10076	10484	6475	10714	17021	16670	25205	24285	8732	9627	8724	12134	1300	4743	9512	
"Denmark"	12391	8914	18053	12688	1302	5943	8159	5832	2426	27671	9116	6070	9960	0	17150	10921	8992	4971	11834	9140	
"Egypt"	16414	9660	7321	14182	12073	20275	6707	7898	8894	17510	16079	17234	12519	2936	11410	32591	17039	28742	20681	8388	
"Venezuela, Bolivarian Republic of"	18091	2222	15998	36676	31213	24286	7221	17764	51427	41882	43166	45795	13082	14934	26148	38088	24466	34420	25871	7793	
"Hong Kong, China"	5334	4860	7073	4094	4540	5384	5232	4000	4359	6646	5456	6456	4991	6806	7204	8341	8353	6771	8984	6963	
"Nigeria"	8061	7309	7459	4489	7724	6003	4239	7007	3006	5977	10088	6061	6643	8196	7892	12936	13471	9367	7999	6603	
"Viet Nam"	17530	13936	13861	14996	10439	11961	9481	4756	6601	21233	20666	16492	21496	11253	19243	16554	17754	16132	13378	6128	
"United Kingdom"	3219	2387	5463	3014	6826	8007	7031	3121	1027	2628	2637	4358	2941	2539	2744	2979	4106	4962	9127	5868	
"Syrian Arab Republic"	7608	2908	4202	3548	3874	2583	6611	4655	340	8545	4506	5915	5495	2999	5835	8059	1827	1665	7545	5710	
"Sudan (before 2012)"	10882	9368	11150	10991	14388	3843	0	0	3046	3902	9026	5304	3703	3087	6538	5884	8608	5012	4527	5446	
"Morocco"	7149	4052	1741	1456	5052	2976	5228	493	2579	6954	7671	5314	4348	8980	6869	10760	3551	3221	4348	4924	
"Peru"	1534	297	3103	1716	3087	393	3750	6516	2709	5887	7600	7120	2018	562	2413	10110	2953	4162	6793	4775	
"Canada"	2172	1614	3759	4413	4021	526	175	404	819	5503	4151	1394	1360	3424	3154	399	4138	1675	9265	4594	
"Netherlands"	3976	3879	1070	216	608	3807	3001	2074	215	676	2747	180	550	3	398	3271	2601	2044	5938	4570	
"Mexico"	12860	12429	15265	10108	23548	15057	11030	2835	6065	26064	17499	10386	24761	28683	28277	27373	33328	20639	6973	3990	
"Belgium"	2005	2088	2488	2764	4118	3790	2045	1202	259	2867	161	2357	1446	243	54	409	3309	1507	3387	3420	
"Algeria"	16254	13505	23538	11923	12643	7283	8226	6756	6589	24338	12421	21705	28810	24523	36254	82851	40822	30049	20918	3348	
"Trinidad and Tobago"	2927	1688	3094	1937	2967	3487	1551	1805	3640	2214	1384	3307	3573	2225	3537	4542	1887	3833	2449	3229	
"Bahrain"	3286	4501	3221	2719	4438	4103	5092	3862	4399	2546	2275	3612	2225	2131	3382	2271	7222	4433	2297	3225	
"Bangladesh"	4786	3437	5767	2420	6480	2461	7693	2246	5333	3535	3876	7202	8057	7656	13272	14513	9570	8507	6309	3150	
"Fiji"	1839	1868	2424	2032	1965	2267	2774	2317	3907	2684	1105	981	2571	3489	2438	2648	860	2135	1816	2920	
"Armenia"	2694	614	2219	1838	1417	1962	2131	1904	0	1036	1698	1399	1514	2103	2347	679	596	1604	856	2790	
"Mauritius"	2682	2656	3654	1827	3273	795	1984	3743	1184	2043	3737	2999	2645	2153	4511	3613	2847	4167	3189	2741	
"Iran, Islamic Republic of"	8616	15582	17695	16319	9648	1445	2205	979	5020	19073	21401	38258	15836	9630	43072	16722	14954	5642	820	2728	
"Kuwait"	1575	2546	2827	3484	2355	961	3322	1412	4071	5958	9026	5620	4588	4904	7064	6305	2339	4396	2410	2668	
"South Africa"	1214	2073	1089	776	937	1437	750	274	998	2156	3283	891	2281	1324	1121	1950	2093	2780	4847	2069	
"France"	763	211	111	15	63	0	65	186	6	300	228	226	648	410	461	384	284	193	452	1823	
"Dominican Republic"	1955	1948	1337	795	1284	638	1018	1048	551	1216	2486	1900	1619	1682	1718	1170	789	634	968	1780	
"Türkiye"	583	1629	502	1706	54	785	841	722	186	3426	1738	2844	2488	299	2468	0	1278	1003	4499	1780	
"French Polynesia"	1306	1496	1798	1371	2620	1303	1058	1296	1474	2467	1278	1483	1620	1352	1497	1605	2796	1422	2003	1643	
"Ukraine"	0	0	0	0	0	0	0	0	80	413	0	96	0	87	0	1090	0	0	1295	1628	
"Nicaragua"	3768	2774	4182	1506	3585	1690	1019	1151	843	718	1634	184	3406	1442	1875	3839	2457	2765	1903	1553	
"New Caledonia"	1113	1403	1562	1641	1064	1276	1432	996	1829	2011	1394	971	1612	2244	1946	2101	1415	2084	1952	1520	
"Azerbaijan"	5478	3578	6224	4846	2363	3012	3118	2951	1043	4886	5930	5099	6306	3514	8102	8953	4320	3081	3744	1395	
"Jamaica"	2753	1525	1157	1085	1943	1055	2271	1376	2300	1874	3971	895	4294	2764	1243	1603	837	1619	1577	1301	
"Pakistan"	847	1301	1348	1244	2262	151	1811	1057	2118	7382	2317	1854	6048	1842	261	1725	1200	714	1938	1234	
"Papua New Guinea"	664	508	1147	736	613	1203	532	1254	511	1167	732	1004	494	1484	1225	1296	1167	823	804	1175	
"Guatemala"	1020	1333	964	1025	1127	679	1175	878	956	1034	993	1122	1224	1232	839	1042	1146	855	1595	1054	
"Guyana"	212	0	1193	187	802	544	735	1251	782	1429	852	433	789	910	980	1399	764	963	564	742	
"Myanmar"	992	673	718	725	938	1015	1481	912	846	832	1381	690	1566	1249	1527	892	1537	1438	1143	679	
"Cameroon"	434	102	0	990	610	0	0	0	726	566	1340	630	662	886	2188	0	0	0	2105	611	
"Angola"	1218	1811	1624	342	1419	1483	1432	213	1691	1403	341	1008	2464	1241	1036	2781	1315	235	2559	591	
"Georgia"	952	422	573	646	180	1200	69	238	750	2276	2890	140	545	0	2057	589	0	0	1207	583	
"Panama"	2830	2741	3317	3909	3026	2813	1542	1543	0	3439	4119	435	1223	1495	2055	5170	1424	1912	1379	479	
"Côte d'Ivoire"	2366	1262	589	670	334	1278	201	0	305	452	542	342	761	359	1080	0	0	173	266	442	
"Ghana"	2540	1534	3511	4465	1781	3060	5500	2085	1734	4752	1080	3440	6682	1777	5329	9093	2492	8298	6642	428	
"Honduras"	664	656	0	94	0	0	0	0	0	0	0	0	252	54	0	1220	865	303	453	418	
"Qatar"	298	518	449	328	461	295	381	395	418	276	392	328	336	514	275	757	541	303	585	399	
"Germany"	2022	2459	1432	470	3354	1324	1751	1320	555	206	3091	944	1311	1136	3140	2830	10571	3270	2958	374	
"Cook Islands"	51	53	197	149	242	206	170	214	192	157	299	83	238	126	141	312	231	306	182	370	
"Samoa"	457	238	376	92	236	474	298	494	381	316	531	224	511	133	345	442	340	575	335	369	
"Uzbekistan"	345	320	136	199	94	368	0	753	0	479	104	884	1022	0	816	257	0	778	298	367	
"Mali"	135	0	169	0	172	174	0	165	457	782	490	187	0	181	692	1032	385	0	381	336	
"Poland"	0	21	0	34	11	182	0	12	0	81	0	51	50	113	201	88	87	92	209	309	
"Bolivia, Plurinational State of"	0	0	0	0	0	0	0	0	0	0	0	0	0	0	33	0	0	0	86	306	
"United States Minor Outlying Islands"	185	501	220	252	255	446	109	212	411	383	287	308	412	387	289	229	742	261	456	292	
"Togo"	60	59	0	0	0	0	0	0	49	117	94	453	0	174	112	71	66	190	0	271	
"Northern Mariana Islands"	176	253	114	158	37	58	138	190	228	123	197	166	211	103	136	21	322	40	68	237	
"Barbados"	637	706	700	1101	753	659	850	648	881	723	880	715	872	551	1153	746	828	993	1067	234	
"Solomon Islands"	93	152	111	76	181	132	94	111	94	255	81	123	78	136	56	188	207	21	220	224	
"El Salvador"	281	413	248	537	525	227	0	129	233	353	118	146	232	146	298	264	187	210	58	210	
"Oman"	461	1054	707	473	802	414	414	280	4126	5494	1632	2135	3114	2808	2156	2392	1548	678	868	201	
"Mongolia"	1131	270	597	378	616	756	689	267	910	1593	1332	934	1953	1379	1498	837	241	216	880	185	
"Grenada"	95	184	329	182	169	401	136	156	81	240	160	216	243	86	327	321	262	0	260	179	
"Namibia"	0	0	0	0	0	0	0	0	0	0	0	0	0	0	0	0	0	0	196	169	
"Wallis and Futuna Islands"	54	109	16	69	92	49	78	50	81	79	65	12	16	59	65	71	75	96	14	165	
"Netherlands Antilles"	28	29	232	198	165	19	0	235	241	112	125	231	70	30	369	118	316	198	293	161	
"Congo, Democratic Republic of the"	1045	510	418	74	252	246	404	0	248	1110	1073	482	273	265	267	1193	205	124	879	160	
"Finland"	0	1008	347	352	0	0	0	259	0	0	0	0	0	0	0	405	0	0	0	153	
"Saint Lucia"	67	0	210	122	111	196	304	238	149	37	192	106	37	70	423	37	227	157	361	147	
"Maldives"	111	171	93	28	152	135	51	105	55	133	62	93	105	101	0	164	98	181	135	146	
"Mozambique"	0	0	0	50	252	158	156	50	305	327	256	245	324	0	0	0	0	0	76	140	
"Tonga"	120	35	106	250	74	443	215	244	186	164	109	277	275	177	230	353	686	393	405	127	
"Vanuatu"	0	102	91	92	87	72	133	7	267	72	169	29	100	75	74	195	43	233	77	125	
"Gabon"	0	0	86	0	90	85	0	130	82	167	0	90	76	0	60	99	78	96	136	119	
"Saint Vincent and the Grenadines"	59	101	105	146	87	0	0	185	48	198	57	197	134	114	61	65	145	130	210	118	
"Italy"	1351	974	1170	66	1570	727	888	444	894	838	1099	1522	1265	1153	1582	2834	2390	2555	1201	108	
"Kazakhstan"	0	0	0	0	0	0	0	0	0	0	0	69	0	0	0	0	0	0	0	100	
"Mauritania"	0	153	0	0	0	0	0	0	0	0	0	0	0	87	90	101	195	274	300	99	
"Zimbabwe"	0	0	0	0	0	0	0	0	634	0	174	89	0	0	178	0	0	0	105	94	
"Turkmenistan"	0	70	262	0	0	0	132	356	0	0	0	69	71	42	228	0	0	0	0	94	
"Macao, China"	62	0	48	0	50	22	41	87	43	0	65	37	67	0	63	0	44	17	91	92	
"Jordan"	184	0	149	112	1316	776	112	0	483	906	700	485	886	292	1151	52	502	1021	605	88	
"Bermuda"	51	76	38	0	0	188	78	134	0	139	0	124	0	135	0	0	75	68	148	82	
"Senegal"	757	1192	2637	3118	426	1070	379	340	366	852	1672	2343	427	4577	3442	422	2010	1010	188	82	
"Chile"	570	256	0	79	714	75	0	0	0	54	0	768	1159	0	262	173	179	3528	856	81	
"Congo"	69	179	0	0	174	0	0	0	168	202	131	88	0	230	186	319	168	111	86	78	
"Bahamas"	79	0	64	68	0	69	62	68	0	0	0	70	74	0	140	66	0	79	63	77	
"Djibouti"	0	0	182	94	0	117	0	0	0	72	56	0	0	60	92	0	0	68	0	53	
"Cambodia"	30	23	30	179	49	29	61	0	24	189	5	34	73	105	9	38	39	123	19	38	
"Brunei Darussalam"	0	53	118	101	317	317	197	59	34	140	43	37	0	62	0	265	640	495	182	22	
"Tuvalu"	12	0	0	11	41	9	14	0	4	0	24	27	0	36	23	25	3	36	4	21	
"Aruba"	14	169	39	148	45	208	20	199	87	52	0	18	148	35	75	164	60	155	39	20	
"Niue"	4	12	11	1	12	4	9	8	8	1	8	7	2	4	8	2	13	10	15	8	
"India"	2126	2	13277	44290	10767	2085	3503	258	3591	24642	7932	1069	366	478	330	14345	14659	956	6965	6	
"Norfolk Island"	61	6	52	71	4	43	4	52	63	7	78	72	2	65	13	75	10	70	80	5	
"Norway"	16	0	6	0	0	0	0	0	0	0	0	0	0	0	0	0	0	0	0	0	
"Marshall Islands"	0	11	0	19	39	0	0	0	0	50	14	0	0	51	3	0	0	57	0	0	
"Palau"	0	0	0	0	0	0	0	0	0	23	0	0	44	0	0	0	0	0	0	0	
"Niger"	0	0	0	0	0	89	0	0	0	0	0	0	0	0	170	0	0	0	0	0	
"Nepal"	0	77	0	0	0	0	0	0	0	89	0	80	0	0	0	0	90	0	0	0	
"Madagascar"	62	31	59	0	0	0	0	0	0	0	0	0	0	88	0	135	0	0	0	0	
"Lebanon"	75	241	111	0	4	0	0	0	278	96	93	44	93	0	91	574	0	184	168	0	
"Liberia"	0	0	84	0	0	0	0	97	0	0	0	72	0	0	86	95	100	0	0	0	
"Libya, State of"	504	465	1313	0	6503	1923	1997	1498	4093	4708	3013	10323	2612	3500	2284	0	874	64	0	0	
"Moldova, Republic of"	0	0	0	0	0	0	0	0	0	0	0	93	0	0	0	0	0	0	0	0	
"Slovenia"	0	0	0	0	0	0	0	0	0	0	0	0	4	0	8	0	0	0	0	0	
"Seychelles"	41	27	0	73	0	59	0	39	145	107	0	63	56	0	0	0	189	0	0	0	
"Sierra Leone"	175	0	0	0	0	0	0	0	0	0	88	0	64	0	178	0	0	91	104	0	
"Tunisia"	380	0	0	0	0	0	0	0	0	141	330	1153	0	0	0	0	1250	0	0	0	
"Tanzania, United Republic of"	0	0	86	0	0	0	0	0	0	0	0	93	0	0	0	0	86	0	0	0	
"Spain"	0	0	0	12	0	6	6	0	261	62	0	0	0	6	12	5	0	0	6	0	
"Sweden"	6	7	0	0	0	0	0	0	0	7	0	0	0	0	0	0	0	0	0	0	
"Switzerland"	0	3	0	0	0	2	0	0	0	12	0	0	0	0	0	0	0	0	62	0	
"Tajikistan"	0	0	399	0	632	0	0	563	0	150	685	317	1164	434	0	0	300	588	0	0	
"Cayman Islands"	0	0	76	0	0	0	0	0	0	0	0	0	0	0	0	0	0	0	0	0	
"Colombia"	0	0	0	0	0	0	0	0	0	0	0	0	0	0	0	20	0	0	0	0	
"Costa Rica"	0	0	0	0	0	0	0	0	0	0	0	0	99	0	0	0	115	0	0	0	
"Cuba"	5364	6043	7603	0	0	0	0	0	886	3644	4027	9413	0	6611	3983	12357	1947	14525	1242	0	
"Benin"	60	59	0	0	0	0	0	0	49	48	94	112	0	437	0	0	95	0	0	0	
"Brazil"	0	0	0	239	705	0	88	70	16	46	0	99	0	17	0	0	0	1	0	0	
"Belize"	0	117	0	0	0	0	0	0	84	84	0	0	0	87	0	92	0	0	0	0	
"Antigua and Barbuda"	0	100	73	0	0	92	64	0	94	63	0	0	0	0	0	67	64	77	0	0	
"Albania"	0	0	0	0	0	0	65	0	0	0	0	0	0	0	0	0	0	0	0	0	
"Argentina"	0	0	0	0	0	1131	0	0	0	0	0	0	0	0	0	0	0	0	0	0	
"Austria"	12	0	0	0	11	0	0	20	0	0	0	0	0	30	0	0	0	0	0	0	
"Gambia"	0	0	0	0	0	0	0	0	0	0	68	0	0	92	185	75	0	0	490	0	
"Kiribati"	3	0	3	41	0	0	1	0	0	0	1	0	0	3	28	0	1	0	0	0	
"Greece"	0	691	549	1188	381	256	1262	216	158	0	252	851	941	276	130	1002	4922	713	875	0	
"Dominica"	0	0	0	0	0	0	0	0	0	0	0	0	0	0	0	0	0	61	0	0	
"Kenya"	49	311	64	133	255	686	126	299	157	373	442	0	0	515	329	649	96	305	0	0	
"Haiti"	0	0	0	152	0	0	0	0	0	0	0	223	71	0	78	76	80	86	0	0	
"Guinea"	0	206	0	84	246	0	0	0	0	175	193	0	0	0	0	124	0	132	197	0	
"Iraq"	221	0	146	69	66	71	0	54	62	0	114	0	232	0	80	0	0	0	0	0	
"Ireland"	127	126	0	193	16	0	182	0	70	88	209	92	223	0	68	122	0	78	236	0	
"Israel"	0	0	0	0	0	0	0	0	0	0	4	0	0	0	0	0	6	0	0	0	
"Yemen"	6373	5233	6634	1175	3810	184	999	687	3319	3021	5893	408	1786	309	2509	879	1707	0	0	0	
"Zambia"	0	246	0	0	0	0	0	0	0	0	0	0	0	0	0	0	268	0	0	0	
"Burkina Faso"	0	92	0	0	0	0	0	0	0	0	0	0	0	0	0	0	0	0	0	0	
"Uruguay"	0	0	0	0	0	0	0	0	64	0	0	0	0	0	0	0	0	0	0	0	
