Importers	2013-M04-Exported quantity, Tons	2013-M05-Exported quantity, Tons	2013-M06-Exported quantity, Tons	2013-M07-Exported quantity, Tons	2013-M08-Exported quantity, Tons	2013-M09-Exported quantity, Tons	2013-M10-Exported quantity	2013-M10-Unit	2013-M11-Exported quantity, Tons	2013-M12-Exported quantity, Tons	2014-M01-Exported quantity, Kilograms	2014-M02-Exported quantity, Kilograms	2014-M03-Exported quantity, Kilograms	2014-M04-Exported quantity, Kilograms	2014-M05-Exported quantity, Kilograms	2014-M06-Exported quantity, Kilograms	2014-M07-Exported quantity, Kilograms	2014-M08-Exported quantity, Kilograms	2014-M09-Exported quantity, Kilograms	2014-M10-Exported quantity, Kilograms	2014-M11-Exported quantity, Kilograms	
"World"	12783	16288	18685	13171	12882	15660	12656	Tons	13408	11240	5599717	6878936	10733908	13445233	13860174	13786183	13007152	11536351	13738874	13523529	14817294	
"United Kingdom"	4084	4873	4847	2539	3715	3965	3799	Tons	3624	3664	2638478	2624020	2964721	2554381	2214358	4096147	4778590	3073526	3356759	3915708	4748403	
"Germany"	3148	3893	5153	4137	3974	5445	5305	Tons	5246	4880	660494	1867600	4000174	3781567	2752137	2402233	2114403	2355750	3827725	4073375	4392350	
"France"	2265	1953	2373	1515	1235	1587	1238	Tons	1679	1123	763250	811000	1188700	1021520	1583320	2164000	1091990	1337415	1594825	1207850	1606850	
"Belgium"	1489	2166	3146	3092	3062	2596	1313	Tons	1209	521	804347	819370	1050320	1203680	2621440	1879810	3006625	3647550	2870130	2082240	1412780	
"Netherlands"	1245	2604	2392	1223	353	1495	0	Mixed	561	548	297500	130000	851000	3518594	3539250	2141750	1023050	264000	770500	1530000	1200759	
"Türkiye"	5	0	4	1	0	5	133	Tons	326	15	0	0	10634	0	0	3160	0	6641	0	1730	455088	
"United States of America"	180	247	237	244	235	168	110	Tons	284	70	156252	260432	252922	357727	304171	494502	355264	342595	473409	384935	422714	
"Morocco"	0	0	0	100	0	0	0		0	0	0	50000	0	100000	25000	100000	100000	75000	100000	50000	150000	
"Israel"	49	0	0	24	0	24	0		0	0	0	0	54000	134500	50000	0	0	0	0	16000	64000	
"Algeria"	110	0	60	0	0	18	0		0	0	0	0	18000	0	0	122000	43000	0	0	0	50000	
"Poland"	23	157	23	23	45	45	22	Tons	108	84	22000	0	0	0	0	0	22500	22500	44500	22000	45000	
"China"	18	0	0	7	20	17	8	Tons	18	7	0	0	7264	43952	0	20911	0	0	0	0	34333	
"South Africa"	10	60	10	0	18	12	16	Tons	20	20	12500	11998	6320	178430	58420	69480	90850	83910	8940	23460	28430	
"Congo, Democratic Republic of the"	0	0	0	0	17	0	27	Tons	0	0	0	0	0	0	20000	0	0	0	20000	0	26020	
"Austria"	0	7	27	0	9	0	0		21	23	0	15320	16319	11384	0	88000	71267	66000	66000	44000	22000	
"Egypt"	4	0	0	0	0	0	0		4	0	0	0	88750	0	0	0	0	0	0	0	20000	
"Angola"	0	0	0	17	0	0	0		0	0	17000	0	0	0	0	0	20000	0	0	0	19700	
"Saudi Arabia"	0	30	37	0	0	0	0		0	0	0	0	12144	9476	0	0	0	15680	0	0	16992	
"Trinidad and Tobago"	0	13	19	0	10	0	12	Tons	0	12	0	16914	0	18067	16668	15534	0	13941	16278	0	16280	
"Spain"	55	83	84	0	9	13	32	Tons	8	11	10010	36300	9205	2580	22850	9290	85065	29200	38690	48890	13860	
"Barbados"	0	0	0	15	0	0	13	Tons	0	0	14212	0	0	0	0	0	13667	0	0	0	13508	
"Malta"	13	14	26	14	15	11	21	Tons	13	28	0	12105	26482	10809	9741	28447	23439	0	24196	4831	12524	
"Cyprus"	16	0	7	24	27	0	25	Tons	0	14	28480	24302	20590	0	11363	9732	26080	23028	38400	31509	12335	
"United Arab Emirates"	6	0	0	8	0	0	0		6	0	0	7001	0	7000	7536	0	9000	0	4000	0	8000	
"Tanzania, United Republic of"	0	21	0	0	0	11	0		0	0	0	9464	0	0	0	0	12999	0	0	0	7434	
"Singapore"	0	0	0	0	0	0	0		0	0	0	0	0	0	0	0	0	6270	0	5918	6438	
"Seychelles"	8	4	12	0	7	8	0		8	0	8000	0	0	11000	8000	6504	10552	0	12064	0	6000	
"Gibraltar"	2	6	0	7	0	0	0		2	0	3201	0	2993	0	3905	0	245	5001	0	0	3905	
"Portugal"	0	0	0	0	0	0	0		0	0	0	0	0	0	0	0	0	0	0	0	1540	
"Lithuania"	0	0	No Quantity	0	0	0	0		0	0	51	0	368	102	0	96	137	51	51	1214	51	
"Malaysia"	0	0	0	6	0	0	0		0	0	0	0	0	0	7448	0	0	0	0	0	0	
"Mauritius"	0	0	13	0	0	0	9	Tons	0	0	0	3474	0	0	0	11291	0	5812	0	7678	0	
"Taipei, Chinese"	0	0	0	0	0	0	0		0	0	0	20000	0	0	0	0	0	0	0	20000	0	
"Qatar"	0	0	0	0	0	0	0		0	0	0	0	0	0	0	0	0	0	0	9536	0	
"Russian Federation"	0	0	0	0	15	0	31	Tons	62	12	40320	58424	100000	341268	125000	7680	21000	0	0	0	0	
"Greece"	13	24	38	19	23	15	0		0	0	960	0	0	0	0	0	0	0	0	0	0	
"Indonesia"	1	0	0	0	0	0	0		0	0	0	0	0	0	0	0	0	0	0	0	0	
"Iran, Islamic Republic of"	0	0	0	0	0	0	0		0	0	0	0	0	0	0	0	0	0	50000	0	0	
"Italy"	0	22	109	20	22	0	0		22	22	0	0	23750	43550	88000	22650	0	0	0	0	0	
"Jamaica"	0	0	0	0	0	0	0		0	0	0	0	0	0	0	0	15025	0	0	0	0	
"Kazakhstan"	0	0	0	80	0	80	0		0	0	0	0	0	0	0	0	0	0	0	0	0	
"Jordan"	0	19	0	0	0	0	0		0	0	0	0	11752	0	22000	34752	0	0	0	0	0	
"Kuwait"	10	0	0	0	0	0	0		0	0	0	0	0	0	11680	0	0	0	0	0	0	
"Latvia"	0	0	0	0	0	0	0		0	0	0	0	0	0	0	0	0	10000	0	0	0	
"Czech Republic"	0	0	0	0	0	0	0		0	0	0	0	0	0	350	0	0	0	0	0	0	
"Denmark"	0	0	1	7	0	110	135	Tons	88	0	47500	48212	0	47500	220800	0	0	88000	0	0	0	
"Congo"	0	0	0	0	0	20	0		0	0	0	0	0	0	40008	0	0	20000	0	0	0	
"Georgia"	0	0	0	0	0	0	0		0	25	0	0	0	0	0	0	0	0	0	0	0	
"Bahamas"	22	23	21	23	23	0	21	Tons	21	40	18535	0	17500	23146	21484	20695	37852	17609	0	16344	0	
"Bahrain"	0	0	0	8	0	0	0		1	0	0	3000	0	0	6000	7000	0	3000	0	0	0	
"Bermuda"	10	0	0	0	0	8	0		0	0	9627	0	0	0	0	0	10490	0	0	0	0	
"Canada"	0	0	0	0	0	0	0		0	0	0	0	0	0	0	0	0	0	400000	0	0	
"Cayman Islands"	0	0	0	0	0	0	0		5	0	0	0	0	0	0	6548	0	0	0	6311	0	
"Chile"	0	0	25	0	24	0	48	Tons	21	0	0	0	0	0	69245	0	24062	23872	22407	20000	0	
"Special categories"	0	0	0	0	0	0	0		50	99	25000	25000	0	25000	0	0	0	0	0	0	0	
"Slovakia"	0	45	23	22	0	0	0		0	23	22000	0	0	0	0	0	0	0	0	0	0	
"Zimbabwe"	0	0	0	0	0	9	0		0	0	0	0	0	0	0	0	0	0	0	0	0	
"Senegal"	0	0	0	0	0	0	0		0	0	0	25000	0	0	0	0	0	0	0	0	0	
"Venezuela, Bolivarian Republic of"	0	24	0	0	24	0	0		0	0	0	0	0	0	0	23971	0	0	0	0	0	
