Importers	2016-M06-Exported quantity, Kilograms	2016-M07-Exported quantity, Kilograms	2016-M08-Exported quantity, Kilograms	2016-M09-Exported quantity	2016-M09-Unit	2016-M10-Exported quantity, Kilograms	2016-M11-Exported quantity, Kilograms	2016-M12-Exported quantity, Kilograms	2017-M01-Exported quantity, Kilograms	2017-M02-Exported quantity, Kilograms	2017-M03-Exported quantity, Kilograms	2017-M04-Exported quantity, Kilograms	2017-M05-Exported quantity, Kilograms	2017-M06-Exported quantity, Kilograms	2017-M07-Exported quantity, Kilograms	2017-M08-Exported quantity, Kilograms	2017-M09-Exported quantity, Kilograms	2017-M10-Exported quantity, Kilograms	2017-M11-Exported quantity, Kilograms	2017-M12-Exported quantity, Kilograms	2018-M01-Exported quantity, Kilograms	
"World"	15531732	18602724	19157524	20217319	Kilograms	16743130	16369578	10045028	9364722	8564324	18076727	20101634	22369388	25931319	19512133	18475652	17327419	12304872	12773197	13642369	11137027	
"United Kingdom"	4506586	8336496	5190412	0	Mixed	5454818	4601639	3484655	3324746	3550010	4446456	3718312	3846068	5271441	4194330	3778993	4690397	3475891	3983699	4658721	3131911	
"Netherlands"	2739400	2485970	4148134	6337775	Kilograms	2383952	2404575	2009885	1097000	638228	2494296	6280923	7662692	8649185	6105870	4966039	2175265	1111803	1671390	2978830	2039615	
"United States of America"	846417	873312	1479427	776658	Kilograms	1121153	1550458	868097	1112124	1073439	1781525	1498544	1715666	1708245	2280292	2388820	1467164	1581248	993392	1176947	1732308	
"Türkiye"	99550	101080	400589	76346	Kilograms	203000	358680	7281	1832	0	308342	250000	150000	156003	329487	475000	400000	135264	200000	518750	885473	
"France"	1361675	1324000	1055950	1269225	Kilograms	1535200	1669700	1322680	1095500	801568	1707642	1337660	1909095	2046022	1639780	1435641	1421345	645750	1026550	990960	845500	
"Morocco"	485000	372500	0	25000	Kilograms	0	0	0	25000	0	110500	12500	0	50000	75000	50000	0	0	0	62700	706250	
"Germany"	1097276	1679450	2717875	3286639	Kilograms	3073514	3220498	902510	1518269	1024541	4932984	4323184	4286885	3960898	1825470	2363359	3494544	2301445	2602690	1520040	537080	
"Belgium"	2163155	1849600	2010055	1374095	Kilograms	2284125	1536100	735680	400210	680160	1320399	1196879	1507334	2352419	1743739	2516894	2602689	2342020	1062340	725440	416959	
"South Africa"	201595	141246	95094	10288	Kilograms	17680	44302	21394	123435	122969	283233	141987	270003	204917	111052	90988	154758	37740	163347	183699	203512	
"Denmark"	10931	0	31996	13133	Kilograms	0	180000	49138	12021	0	9127	12561	1288	10728	0	26107	0	0	475000	25000	125000	
"Saudi Arabia"	0	120000	0	40000	Kilograms	20000	0	0	0	225000	0	275000	20000	119650	25000	0	280000	240825	140000	0	75000	
"Australia"	0	8998	0	8000	Kilograms	8000	10000	0	0	35000	8998	19888	60796	29988	10000	29998	54000	27000	0	94994	70000	
"Spain"	82695	25113	17780	13860	Kilograms	56175	19874	112383	36345	45578	85448	32340	48280	82882	89784	85363	80108	153800	71342	224530	66350	
"Tunisia"	0	0	0	0		0	0	0	0	0	0	0	0	0	0	0	45000	0	0	0	44000	
"Trinidad and Tobago"	16270	0	13711	14470	Kilograms	0	18378	18337	12006	0	32236	16089	17749	15916	18941	0	15460	20186	0	0	40197	
"United Arab Emirates"	83000	21143	26982	0		0	15612	0	0	9931	100024	16032	7000	23191	45642	0	10065	0	18000	0	29034	
"Poland"	292500	95000	25000	44000	Kilograms	44000	140000	117000	101072	40900	29500	78336	792	29050	0	3164	0	792	144000	0	26000	
"Egypt"	438750	250000	400000	675000	Kilograms	195000	325000	0	0	100000	0	0	200000	0	26000	0	0	0	0	175000	25000	
"Georgia"	22000	0	0	0		0	0	0	0	0	0	22000	0	0	0	0	0	0	0	0	22000	
"Congo, Democratic Republic of the"	0	0	0	21190	Kilograms	24000	0	0	0	0	0	24000	0	0	0	0	0	24000	17040	0	20000	
"Bahamas"	0	39644	22412	0		22746	15620	23138	43283	23900	0	44846	22882	0	0	65654	0	21676	20576	22483	18614	
"Guatemala"	0	20000	0	0		0	0	0	22000	0	21000	0	0	0	0	0	0	0	0	0	18000	
"Cyprus"	18900	48388	0	15132	Kilograms	13404	44436	37642	19200	23892	0	0	10560	0	15480	0	32880	25104	0	8866	15440	
"Barbados"	13559	0	0	0		0	13749	0	0	0	14258	0	21955	0	0	0	0	0	0	0	10562	
"Bermuda"	12431	0	0	0		0	0	0	9663	0	0	0	8250	4722	0	0	0	0	0	0	8192	
"China"	14994	19200	0	29230	Kilograms	17280	22080	0	0	8680	28260	9840	12720	62432	15044	45900	8824	8340	13014	2400	7380	
"Malta"	23339	18377	16597	11842	Kilograms	18176	19174	22435	20377	6572	21042	12711	24178	23873	28843	0	23653	28875	11000	17575	6608	
"Malaysia"	0	0	2823	0		0	3966	0	4567	0	0	3695	0	3150	0	4026	4027	3156	0	4026	4026	
"Greece"	960	22000	22960	0		44620	2990	1900	900	2700	1800	2700	1800	0	0	0	0	3000	3000	2000	3000	
"Gibraltar"	1952	1144	0	4648	Kilograms	0	0	2810	3290	3368	0	0	1666	966	4612	0	480	0	2804	0	2872	
"Bahrain"	4000	2000	0	0		0	1000	0	2000	4894	0	4000	0	6074	3000	2000	3144	1144	4000	0	1144	
"Austria"	112000	88000	88000	22000	Kilograms	66000	66000	22000	44000	44000	44000	22000	66000	88475	66000	66000	89000	88000	44000	66000	0	
"Algeria"	50000	0	25000	100000	Kilograms	75000	31020	0	0	25000	0	16000	0	200000	100000	0	0	0	0	80000	0	
"Angola"	0	0	50000	50000	Kilograms	20000	0	20122	61600	0	17040	0	0	17450	0	0	9330	0	0	0	0	
"Azerbaijan"	0	0	0	0		0	0	50000	0	0	0	0	0	0	0	0	0	0	0	0	0	
"Czech Republic"	45150	0	19350	112875	Kilograms	0	0	0	0	0	0	0	0	89280	0	0	0	0	0	0	0	
"Canada"	591000	454000	400000	450000	Kilograms	0	0	0	200000	0	0	100000	100000	0	0	0	0	0	0	0	0	
"Cayman Islands"	6966	0	0	8157	Kilograms	0	0	6988	0	5503	0	9027	0	0	7275	0	0	6127	0	7899	0	
"Chile"	0	0	24369	64434	Kilograms	0	0	68932	0	22554	20000	0	59121	0	24574	25231	43438	0	44418	20639	0	
"Mauritius"	3900	5800	0	6705	Kilograms	10000	0	12060	6800	3000	0	0	300	0	3630	0	8980	3330	0	9722	0	
"Mexico"	100000	0	0	0		0	0	0	0	0	0	0	0	0	0	0	0	0	0	0	0	
"Taipei, Chinese"	0	0	0	0		0	0	0	0	0	25000	0	0	0	0	22000	3000	0	0	0	0	
"Hungary"	2700	0	0	0		0	0	0	0	0	0	0	0	0	0	0	0	0	0	0	0	
"Indonesia"	0	22000	0	0		0	0	0	0	0	0	50000	10714	0	0	0	0	0	0	0	0	
"Iran, Islamic Republic of"	0	0	750000	0		0	0	50000	25000	7000	75000	450000	200000	600010	650000	0	200000	0	0	0	0	
"Iraq"	0	7000	0	0		0	5398	0	0	0	0	0	0	0	0	0	0	0	0	0	0	
"Israel"	0	95000	25000	0		0	0	0	0	0	45000	0	50000	0	0	0	0	0	0	0	0	
"Italy"	0	0	0	0		0	0	22500	0	0	0	57500	45000	45000	0	0	0	0	0	22000	0	
"Côte d'Ivoire"	0	0	10000	0		15750	0	0	0	0	0	0	0	0	10000	0	0	0	0	0	0	
"Jamaica"	8050	0	0	0		0	5990	0	0	5171	748	0	0	0	4547	4111	0	0	0	0	0	
"Japan"	0	0	0	0		0	0	0	0	0	0	0	0	0	0	0	0	0	301	0	0	
"Jordan"	0	0	0	0		0	33400	25000	0	20000	0	10000	0	8080	0	0	0	0	0	0	0	
"Korea, Republic of"	0	0	0	0		0	0	0	0	0	0	0	0	0	10139	9993	0	0	0	0	0	
"Kuwait"	0	0	0	0		0	0	0	0	8176	25000	0	0	7560	0	0	0	0	0	0	0	
"Lebanon"	0	19750	0	0		0	0	0	0	0	0	0	0	0	0	0	0	0	0	0	0	
"Lithuania"	0	0	0	0		0	0	0	0	740	0	0	0	0	3168	0	0	4016	0	0	0	
"Oman"	0	0	0	0		2650	0	0	0	0	50000	0	0	0	0	0	0	0	0	0	0	
"New Caledonia"	0	0	0	0		0	0	0	0	0	0	0	20000	0	0	0	0	0	0	20000	0	
"New Zealand"	0	0	40000	0		0	0	0	0	0	0	0	0	0	0	0	0	0	0	0	0	
"Nigeria"	0	0	0	0		0	0	0	0	0	0	0	0	9000	0	0	0	0	0	0	0	
"Pakistan"	50000	44000	23590	0		0	0	0	0	0	0	0	0	7796	0	0	0	0	0	0	0	
"Portugal"	3080	2310	3080	0		4620	770	0	770	770	3850	3080	3850	2790	0	480	770	0	1540	1232	0	
"Qatar"	0	0	0	0		0	0	13884	4086	0	0	0	0	0	0	0	3000	0	0	4000	0	
"Romania"	0	0	0	0		2500	0	0	1000	0	3000	0	0	3000	0	0	1250	0	0	1250	0	
"Senegal"	0	0	16000	0		0	0	0	0	0	0	0	0	19200	42066	0	0	0	20175	0	0	
"Seychelles"	7676	5024	5338	0		9752	7216	16488	0	0	1512	0	6744	16864	3368	0	4848	0	8544	16664	0	
"Singapore"	0	5179	0	7722	Kilograms	0	1953	0	0	1080	7507	0	0	5062	0	7722	0	0	11748	0	0	
"Slovakia"	0	0	0	0		0	0	0	22000	0	22000	0	0	0	0	0	0	0	0	0	0	
"Yemen"	0	0	0	0		0	0	0	0	0	0	50000	0	0	0	0	0	0	0	0	0	
"Tanzania, United Republic of"	14275	0	0	0		0	0	0	14626	0	0	0	0	0	0	12169	0	14275	19287	0	0	
