Importers	Exported value in 2013-M04	Exported value in 2013-M05	Exported value in 2013-M06	Exported value in 2013-M07	Exported value in 2013-M08	Exported value in 2013-M09	Exported value in 2013-M10	Exported value in 2013-M11	Exported value in 2013-M12	Exported value in 2014-M01	Exported value in 2014-M02	Exported value in 2014-M03	Exported value in 2014-M04	Exported value in 2014-M05	Exported value in 2014-M06	Exported value in 2014-M07	Exported value in 2014-M08	Exported value in 2014-M09	Exported value in 2014-M10	Exported value in 2014-M11	
"World"	42562	55246	65267	48753	49515	57006	48903	50133	41497	22408	26641	39294	46147	47910	47454	44503	40404	46155	43582	46892	
"United Kingdom"	14554	17593	18366	10412	14748	14917	15446	13931	14341	10488	10446	11325	9487	8836	14778	15756	11202	11973	13229	15140	
"Germany"	8868	10735	15247	12811	13010	17571	18390	17665	16170	2254	6570	13161	11774	8593	7332	6688	7355	11607	12374	13271	
"France"	7330	6721	8305	5451	4580	5947	4610	6331	4178	2725	2820	4316	3531	5310	7223	3574	4482	5379	3915	5104	
"Belgium"	5666	8524	12373	12894	13301	11266	6092	5387	2477	3751	3573	4794	5219	9972	7248	11253	13008	9941	6728	4306	
"Netherlands"	3999	8500	7758	4173	1318	4709	1409	2173	2058	1140	401	2696	10547	10487	6467	3105	898	2389	4394	3508	
"United States of America"	642	941	985	1113	1090	769	582	1304	373	803	1268	1210	1663	1440	1926	1497	1416	2020	1653	1908	
"Türkiye"	23	0	19	8	0	26	564	1342	75	0	0	55	0	0	17	0	33	0	8	1405	
"Morocco"	0	0	0	416	0	0	0	0	0	0	197	0	394	88	380	371	270	314	152	457	
"Israel"	169	0	0	100	0	104	0	0	0	0	0	212	506	195	0	0	0	0	57	230	
"South Africa"	56	318	56	0	103	70	88	119	117	75	73	39	706	232	300	413	382	54	134	161	
"Algeria"	374	0	204	0	0	77	0	0	0	0	0	81	0	0	422	168	0	0	0	155	
"Poland"	70	507	73	97	190	185	89	367	308	84	0	0	0	0	0	76	75	153	77	149	
"China"	96	0	0	38	111	92	42	99	37	0	0	36	170	0	83	0	0	0	0	138	
"Congo, Democratic Republic of the"	0	0	0	0	85	0	75	0	0	0	0	0	0	85	0	0	0	35	0	118	
"Angola"	0	0	0	84	0	0	0	0	0	88	0	0	0	0	0	39	0	0	0	88	
"Saudi Arabia"	0	129	179	0	0	0	0	0	0	0	0	62	50	0	0	0	81	0	0	87	
"Trinidad and Tobago"	0	60	85	0	43	0	54	0	54	0	76	0	81	75	71	0	66	76	0	76	
"Cyprus"	86	0	43	130	147	0	136	0	78	154	131	117	0	65	55	148	132	214	181	71	
"Malta"	72	77	142	77	81	67	110	75	151	0	68	145	60	56	147	135	0	140	22	68	
"Barbados"	0	0	0	71	0	0	64	0	0	70	0	0	0	0	0	68	0	0	0	67	
"Austria"	0	20	86	0	31	0	0	74	89	0	49	52	33	0	271	220	202	203	134	67	
"Spain"	189	312	346	0	43	64	130	37	54	49	160	51	13	116	47	312	110	157	160	65	
"Egypt"	21	0	0	0	0	0	0	17	0	0	0	305	0	0	0	0	0	0	0	61	
"United Arab Emirates"	31	0	0	41	0	0	0	31	0	0	36	0	36	38	0	46	0	13	0	41	
"Tanzania, United Republic of"	0	98	0	0	0	61	0	0	0	0	50	0	0	0	0	67	0	0	0	40	
"Singapore"	0	0	0	0	0	0	0	0	0	0	0	0	0	0	0	0	35	0	33	38	
"Seychelles"	42	23	69	0	42	44	0	48	0	47	0	0	65	48	38	63	0	72	0	36	
"Gibraltar"	9	28	0	32	0	0	0	9	0	14	0	14	0	17	0	1	27	0	0	18	
"Portugal"	0	0	0	0	0	0	0	0	0	0	0	0	0	0	0	0	0	0	0	8	
"Qatar"	0	0	0	0	0	0	0	0	0	0	0	0	0	0	0	0	0	0	43	0	
"Russian Federation"	0	0	0	0	60	0	118	262	47	154	235	369	1278	462	29	80	0	0	0	0	
"Slovakia"	0	144	71	93	0	0	0	0	88	84	0	0	0	0	0	0	0	0	0	0	
"Senegal"	0	0	0	0	0	0	0	0	0	0	86	0	0	0	0	0	0	0	0	0	
"Zimbabwe"	0	0	0	0	0	47	0	0	0	0	0	0	0	0	0	0	0	0	0	0	
"Special categories"	0	0	0	0	0	0	0	188	408	102	97	0	91	0	0	0	0	0	0	0	
"Venezuela, Bolivarian Republic of"	0	114	0	0	116	0	0	0	0	0	0	0	0	0	113	0	0	0	0	0	
"Greece"	47	88	156	86	106	69	0	0	0	5	0	0	0	0	0	0	0	0	0	0	
"Indonesia"	1	0	0	0	0	0	0	0	0	0	0	0	0	0	0	0	0	0	0	0	
"Iran, Islamic Republic of"	0	0	0	0	0	0	0	0	0	0	0	0	0	0	0	0	0	166	0	0	
"Mauritius"	0	0	75	0	0	0	52	0	0	0	20	0	0	0	66	0	34	0	37	0	
"Taipei, Chinese"	0	0	0	0	0	0	0	0	0	0	85	0	0	0	0	0	0	0	64	0	
"Italy"	0	76	405	78	84	0	0	85	86	0	0	80	144	269	69	0	0	0	0	0	
"Jamaica"	0	0	0	0	0	0	0	0	0	0	0	0	0	0	0	70	0	0	0	0	
"Kazakhstan"	0	0	0	364	0	364	0	0	0	0	0	0	0	0	0	0	0	0	0	0	
"Jordan"	0	117	0	0	0	0	0	0	0	0	0	79	0	86	196	0	0	0	0	0	
"Kuwait"	51	0	0	0	0	0	0	0	0	0	0	0	0	63	0	0	0	0	0	0	
"Latvia"	0	0	0	0	0	0	0	0	0	0	0	0	0	0	0	0	36	0	0	0	
"Lithuania"	0	0	0	0	0	0	0	0	0	0	0	0	0	0	0	0	0	0	2	0	
"Malaysia"	0	0	0	32	0	0	0	0	0	0	0	0	0	42	0	0	0	0	0	0	
"Bahamas"	102	110	100	110	111	0	100	100	189	87	0	82	110	101	99	182	87	0	78	0	
"Bahrain"	0	0	0	23	0	0	0	5	0	0	10	0	0	21	30	0	12	0	0	0	
"Bermuda"	49	0	0	0	0	40	0	0	0	47	0	0	0	0	0	52	0	0	0	0	
"Canada"	0	0	0	0	0	0	0	0	0	0	0	0	0	0	0	0	0	1139	0	0	
"Cayman Islands"	0	0	0	0	0	0	0	22	0	0	0	0	0	0	33	0	0	0	31	0	
"Chile"	0	0	112	0	105	0	219	99	0	0	0	0	0	319	0	108	108	100	64	0	
"Czech Republic"	0	0	0	0	0	0	0	0	0	0	0	0	0	1	0	0	0	0	0	0	
"Denmark"	0	0	0	9	0	448	524	354	0	177	178	0	178	757	0	0	303	0	0	0	
"Congo"	0	0	0	0	0	56	0	0	0	0	0	0	0	120	0	0	42	0	0	0	
"Georgia"	0	0	0	0	0	0	0	0	110	0	0	0	0	0	0	0	0	0	0	0	
