Importers	2011-M08-Exported quantity, Kilograms	2011-M09-Exported quantity, Kilograms	2011-M10-Exported quantity, Kilograms	2011-M11-Exported quantity, Kilograms	2011-M12-Exported quantity, Kilograms	2012-M01-Exported quantity, Kilograms	2012-M02-Exported quantity, Kilograms	2012-M03-Exported quantity, Kilograms	2012-M04-Exported quantity, Kilograms	2012-M05-Exported quantity, Kilograms	2012-M06-Exported quantity, Kilograms	2012-M07-Exported quantity, Kilograms	2012-M08-Exported quantity, Kilograms	2012-M09-Exported quantity, Kilograms	2012-M10-Exported quantity, Kilograms	2012-M11-Exported quantity, Kilograms	2012-M12-Exported quantity, Kilograms	2013-M01-Exported quantity, Kilograms	2013-M02-Exported quantity, Kilograms	2013-M03-Exported quantity, Kilograms	
"World"	15625980	16249965	26505340	27638600	31364276	33690168	23506608	21554676	19154052	22091456	37080884	21112884	15181498	19829278	29007388	20033478	30295990	23802360	25575228	27406794	
"Egypt"	622297	923683	1904514	3783716	1258806	4925667	2116055	648521	1441719	2701923	11458107	2695587	1215312	518663	1296218	1664353	2795635	2249978	3276120	7015296	
"China"	1116178	1237637	647941	2049937	2029701	1926675	2909155	2636289	937450	1551022	1591343	665046	1964376	1542186	1192066	1826363	4031509	1715574	2157854	4077053	
"Russian Federation"	1892919	1880149	3502248	440041	2241070	1683652	975875	1645445	401804	1486922	4297436	1305540	2666572	2710290	1094381	1031359	2554727	1427196	2925133	2015454	
"Chile"	18412	0	20527	0	18661	0	0	0	0	121343	122321	48015	55984	0	0	27971	55984	0	517504	1169271	
"Belgium"	129704	1082217	1213601	2050124	8571003	8012422	4104824	1108192	28229	0	563332	338725	0	0	1671872	518328	2374873	5332592	4220603	1125125	
"Australia"	890245	1631111	1577372	2243324	1557482	1624643	2921748	2119791	1701021	1455340	1907340	1218597	935341	989719	1393033	1406406	670056	1674904	1184285	994859	
"Saudi Arabia"	499067	637106	551879	886332	1521946	1060215	609709	1075164	281538	1087291	267970	929596	1269344	628774	1740964	301095	478200	963263	390495	928729	
"Morocco"	1096360	1543918	199482	620852	420950	1110017	0	1005193	916140	1370057	1843629	986325	543184	569869	232153	684226	802276	548146	907240	852935	
"Indonesia"	235826	430175	895385	528992	445899	552047	381804	863970	536049	717302	651538	272448	444564	372242	223439	537721	326691	462919	395757	852560	
"Taipei, Chinese"	802684	589819	310436	565941	505365	431617	610684	541684	719072	611299	810907	1163126	772142	580143	798770	612892	722523	502192	919137	814831	
"Azerbaijan"	286430	316748	590061	1050763	690678	892477	2025692	1007420	913608	1707989	2736258	1694983	1523728	1889179	998900	1100921	742824	571773	278227	709794	
"Georgia"	103761	0	240280	403828	50093	51881	27487	129225	181584	178788	154770	123519	0	121216	363801	535804	504064	103804	607775	644143	
"Iran, Islamic Republic of"	0	0	3142053	3043026	3769109	5826909	1712989	1551145	4071649	4312195	3360208	2472838	0	1066138	7850365	2719847	6881161	1788220	1993966	617253	
"Algeria"	0	0	0	155643	367067	567867	100548	146384	34587	301163	292083	100117	129652	0	146251	196730	341894	382223	293890	577596	
"Malaysia"	105462	259160	486127	340876	199891	237515	290840	310160	569552	224320	523440	282875	240289	118004	351781	327636	323746	276810	204357	539571	
"Hong Kong, China"	356455	255935	287610	222070	283157	256037	208369	460921	318514	327334	304059	309921	267520	436403	316545	372712	417339	288526	253906	519131	
"Türkiye"	390759	524582	766696	844338	0	258585	932892	259305	903734	74320	0	396431	121005	1068257	932736	518097	920129	1240967	532488	461796	
"United Arab Emirates"	127326	224855	151866	337279	346681	549844	291483	161619	459189	279072	1161115	522558	65234	205867	415509	296856	250826	676861	204522	403699	
"Bahrain"	293176	369609	412348	219647	347502	171381	431762	561493	494773	54610	133166	0	249344	457750	596739	272140	393521	412278	400468	360420	
"United States of America"	140836	15274	577557	575458	545843	70488	88733	129081	49747	66265	161843	226079	214978	833843	953230	1623694	802483	89642	232392	334287	
"Singapore"	311518	251907	312173	443369	436862	280112	233826	209072	267114	244153	346665	461304	334090	728877	345180	251054	379990	414720	308214	296650	
"Philippines"	161829	188887	200451	281664	163749	154522	124631	215922	134651	125922	224931	192231	96099	174386	141689	216801	164877	81970	218437	294044	
"Viet Nam"	87606	99913	106366	160674	147039	108576	178031	174438	101724	193981	62775	171664	53891	150247	172470	256038	222279	218186	122987	247691	
"Denmark"	2266879	1441838	4139952	3112326	1885223	503992	115292	178626	0	172939	180209	242088	0	0	206883	0	103583	204978	466161	241315	
"French Polynesia"	98387	58670	91495	106154	69256	89050	60766	128582	45641	106585	87796	111845	79397	89409	46582	109109	56173	108108	76001	225332	
"Fiji"	78887	58430	82504	123832	202116	134546	0	27590	3714	93693	125669	142198	71934	285266	198956	160546	84600	254984	226517	136375	
"Papua New Guinea"	43795	123886	49079	40208	36836	31596	71081	55615	51934	51617	177568	48207	34356	49794	30129	59973	64815	49355	38372	107211	
"Ukraine"	402112	111951	518816	21991	972473	0	0	0	0	0	0	828871	129241	1011229	310775	0	311058	0	21874	100116	
"Kuwait"	42949	74633	33584	80246	98995	0	34458	20023	74632	20023	20023	16387	34587	16294	61495	207368	106492	51880	60071	90883	
"Korea, Republic of"	374924	233626	348347	654409	96972	238759	119249	376304	373546	540445	307705	109384	90426	361266	147871	200675	335965	81765	176529	65607	
"Armenia"	610296	0	263391	293235	450224	253921	348591	724930	16198	249116	1291364	55880	222011	548427	528473	535522	33002	173933	441224	53541	
"Thailand"	66944	11687	122594	28361	72160	53346	26058	53351	102304	53220	60251	70058	27341	89476	40543	41973	53343	45853	43454	49232	
"Jamaica"	50265	98242	48531	118577	16254	203396	17293	45773	15903	14627	47628	50745	31348	48516	65147	98853	135288	102753	33002	47788	
"Mauritius"	0	11162	11137	50584	14741	13735	29547	13813	13834	14400	30177	31571	0	14192	12510	12479	27301	14275	13467	44920	
"Sri Lanka"	30512	59889	63556	88779	17225	69897	48758	34090	66652	30087	46851	68850	50003	0	25797	43955	76879	30254	41372	41807	
"Samoa"	4589	23256	26870	8733	67016	16934	36041	14323	17840	38807	9689	30076	33390	33574	59998	34021	23272	43553	15816	35576	
"Guatemala"	14496	30838	0	31558	16006	45760	33251	61368	31104	0	47022	13825	63252	30459	15783	31751	15697	31253	30593	30692	
"Bermuda"	15030	0	14373	15626	14799	0	0	15491	0	15220	0	0	14740	13918	0	12383	28311	0	0	30587	
"Trinidad and Tobago"	26742	25327	25038	0	0	25347	0	24813	49505	0	25433	24913	25347	24662	25385	24438	0	24689	24813	24964	
"New Caledonia"	33579	42765	22069	59872	42328	55722	17207	40136	25911	34455	56517	50375	38019	46689	17332	18640	32542	58715	18359	23909	
"Peru"	0	0	16802	0	0	18210	16783	0	0	0	0	32986	0	0	0	18268	0	16802	0	18347	
"Oman"	2820	16718	0	1815	21269	16519	17423	19199	17293	0	68455	16603	17155	16813	16382	17635	35275	16313	37262	17635	
"Aruba"	0	0	0	15498	0	0	0	0	0	16105	0	0	16407	0	13016	0	0	0	0	16947	
"Tajikistan"	0	0	177777	74238	0	0	18489	0	0	0	0	0	0	0	16542	33085	0	0	0	16542	
"Turkmenistan"	0	0	0	95890	18190	16542	18427	40046	0	0	0	16534	0	18190	0	33077	0	0	0	16517	
"Brunei Darussalam"	0	0	12260	0	0	0	15445	13071	12974	12974	61019	80751	0	0	12974	0	0	0	11528	16389	
"Netherlands Antilles"	12618	14977	17069	14615	17937	0	16166	0	48616	15607	18137	15072	0	29757	14550	15833	15053	0	0	15972	
"Grenada"	0	11515	0	0	0	0	15963	0	0	0	15683	0	0	0	0	0	0	0	0	15579	
"Qatar"	42375	15432	19331	16830	41006	97738	42016	34586	25346	0	51107	12472	38789	52655	50018	38706	12976	17293	22576	15517	
"Saint Lucia"	14177	14386	0	14258	0	14304	0	0	0	14613	0	0	0	0	13154	0	0	13154	0	14087	
"Bahamas"	13476	0	26240	14556	13504	14258	14897	0	14523	16674	12083	14343	13532	14215	14542	0	27662	14542	0	13513	
"United States Minor Outlying Islands"	14678	8454	17869	872	32149	30094	23085	51810	555	28181	0	14793	32987	24929	2374	19246	13952	18411	20532	11280	
"Japan"	180421	635368	550597	135	0	17842	15507	802950	1343962	241418	362431	1232234	18084	121320	1320882	8776	0	17451	0	9868	
"Solomon Islands"	9024	8215	2341	2393	0	8161	7704	3361	1994	9889	3608	2265	6118	3762	9086	521	0	3181	3855	4287	
"Vanuatu"	3733	479	5886	0	6220	4175	0	5769	0	1001	1848	7177	1023	3550	9142	13135	1328	1231	145	1649	
"Norfolk Island"	0	1267	2364	0	1480	0	0	0	0	1799	0	0	1480	1337	0	1768	0	363	0	523	
"Canada"	466933	172853	474261	340107	302676	362126	112161	17305	0	0	259177	522874	511186	535877	1105556	224112	863385	241002	86389	99	
"Myanmar"	14823	15926	0	48426	30818	32721	16506	14411	34114	16706	14411	66845	17293	27350	62431	16821	29234	27180	29852	0	
"Cambodia"	0	0	16614	0	17712	0	0	0	0	15012	0	0	1611	14059	0	0	15614	0	839	0	
"Barbados"	13618	0	28880	14267	0	0	0	14106	0	0	13836	0	14405	0	41272	0	12955	13230	13789	0	
"Antigua and Barbuda"	0	14185	0	14096	0	0	0	0	0	14684	0	0	0	0	0	13685	0	0	0	0	
"Brazil"	0	0	0	0	22199	0	0	0	0	0	0	51881	69174	0	17293	0	0	0	0	0	
"Belize"	0	13457	13312	13451	13314	0	0	0	0	13457	13312	0	0	0	31031	0	13398	0	0	0	
"Honduras"	0	0	0	0	0	0	0	0	0	6549	0	0	0	0	0	0	0	0	0	0	
"Djibouti"	0	0	14588	0	0	0	0	0	0	0	0	0	0	17293	0	0	0	0	0	0	
"Gambia"	0	16446	0	0	16371	0	0	0	0	16446	0	0	0	0	16295	0	0	0	0	0	
"Kiribati"	0	0	0	0	0	0	0	0	0	0	0	0	0	0	0	0	0	0	532	0	
"France"	388315	0	181586	332546	0	0	337231	181586	0	0	0	0	0	0	0	0	0	56822	518534	0	
"Dominican Republic"	0	0	0	0	0	0	0	0	0	0	0	0	13043	0	0	0	0	0	0	0	
"El Salvador"	16024	0	0	15538	0	15062	0	0	13536	0	0	0	15324	0	14869	0	15432	0	0	0	
"Congo, Democratic Republic of the"	0	0	0	0	0	0	74637	0	0	0	0	0	0	0	0	0	0	0	0	0	
"Cook Islands"	8798	4351	5464	909	3850	836	4841	5317	1761	997	17598	13584	6184	5797	12836	2238	3486	1311	2450	0	
"Cuba"	0	0	0	0	0	0	0	0	0	0	0	25720	0	0	0	0	0	0	0	0	
"Northern Mariana Islands"	9675	0	15170	0	16710	0	11481	0	8594	8594	6032	0	13815	0	0	5198	0	0	9953	0	
"Marshall Islands"	0	0	0	0	0	0	422	0	0	0	427	0	0	0	0	0	0	134	0	0	
"Panama"	0	30853	0	0	0	0	15444	17293	0	14096	0	0	14355	14822	14411	14411	14567	0	14954	0	
"Nigeria"	0	25940	0	0	14823	0	0	0	0	0	0	0	0	0	0	0	17268	0	0	0	
"Niue"	0	0	0	0	0	0	165	141	0	0	0	224	0	0	125	155	0	0	58	0	
"Netherlands"	103068	103686	0	0	0	0	0	0	0	0	0	0	0	0	0	0	0	0	0	0	
"Kazakhstan"	22703	0	0	0	0	0	0	0	0	0	0	0	0	0	0	101267	0	0	0	0	
"Jordan"	0	0	0	0	0	0	0	0	13991	0	0	0	0	0	15396	0	0	17293	0	0	
"Kenya"	0	0	0	0	0	0	0	0	0	0	0	0	0	0	16565	0	0	0	0	0	
"Iraq"	0	0	17356	0	0	0	0	0	0	0	0	0	0	0	0	0	0	0	0	0	
"Mexico"	51985	0	36979	46731	109848	0	0	9801	210779	65878	221339	9848	95939	92406	122337	0	0	172508	155685	0	
"Mongolia"	0	0	0	0	0	17293	0	0	0	0	0	0	0	0	0	0	0	0	0	0	
"Lebanon"	0	17293	34109	17293	0	0	86355	17487	18661	0	0	0	0	0	34587	34587	0	103761	0	0	
"Madagascar"	0	0	0	0	0	12032	0	0	0	0	0	0	0	0	0	0	0	0	0	0	
"Maldives"	15176	0	0	13687	0	14955	8392	0	13303	0	78871	21470	0	28727	0	24155	15070	0	0	0	
"Uruguay"	0	0	0	0	0	103711	0	51881	51881	51804	51881	0	0	0	56822	0	0	56822	0	0	
"Uzbekistan"	0	0	98450	81141	148285	85875	101799	25940	218015	0	0	125025	0	341258	800952	50601	16384	249557	106316	0	
"Venezuela, Bolivarian Republic of"	51879	0	0	0	0	0	0	0	155516	0	0	0	0	0	0	0	0	0	0	0	
"Wallis and Futuna Islands"	3365	1716	1853	1159	2150	0	1219	1098	1771	968	0	1501	1535	1234	2388	1264	0	871	0	0	
"Yemen"	0	0	0	0	0	51881	51881	0	0	51881	0	0	0	0	51881	51881	51881	0	0	0	
"Tokelau"	0	0	0	0	0	0	0	0	0	0	0	0	131	0	0	0	0	0	89	0	
"Tonga"	338	42800	7406	36459	0	19154	22365	42722	5795	19808	55629	16084	40418	34164	28764	8400	29987	29314	13020	0	
"Tuvalu"	779	0	0	1193	708	0	156	1533	574	0	0	0	0	0	0	0	0	0	0	0	
"Somalia"	0	0	0	0	0	0	0	0	0	0	0	0	0	0	0	0	0	14655	0	0	
"South Africa"	266768	133410	516146	206935	161026	69097	123760	1275394	484492	661371	109220	326450	112408	604539	34587	379898	414228	0	241108	0	
"Sudan (before 2012)"	0	0	0	0	0	0	0	0	0	0	0	0	1003	0	0	0	0	0	0	0	
"Syrian Arab Republic"	69175	51881	236245	121056	360854	161407	69174	132585	103762	146970	155643	0	0	0	0	0	0	0	0	0	
"Seychelles"	0	9472	0	0	0	0	11959	0	0	0	0	13268	0	0	12578	14025	0	0	12381	0	
"Sierra Leone"	0	0	0	0	0	16674	0	0	0	0	0	0	0	0	0	0	16655	0	0	0	
"India"	0	0	0	0	0	0	0	0	0	0	0	0	0	0	0	0	14123	0	0	0	
