Importers	2014-M10-Exported quantity, Kilograms	2014-M11-Exported quantity, Kilograms	2014-M12-Exported quantity, Kilograms	2015-M01-Exported quantity, Kilograms	2015-M02-Exported quantity, Kilograms	2015-M03-Exported quantity, Kilograms	2015-M04-Exported quantity, Kilograms	2015-M05-Exported quantity, Kilograms	2015-M06-Exported quantity, Kilograms	2015-M07-Exported quantity, Kilograms	2015-M08-Exported quantity, Kilograms	2015-M09-Exported quantity, Kilograms	2015-M10-Exported quantity, Kilograms	2015-M11-Exported quantity, Kilograms	2015-M12-Exported quantity, Kilograms	2016-M01-Exported quantity, Kilograms	2016-M02-Exported quantity, Kilograms	2016-M03-Exported quantity, Kilograms	2016-M04-Exported quantity, Kilograms	2016-M05-Exported quantity, Kilograms	
"World"	14668208	12866044	12024213	12802677	11365601	14380144	13255034	12073131	14948353	13646592	13516019	18302931	18660574	20814152	20390254	14694657	16101844	20996422	17162691	14264038	
"France"	5224999	4433858	4567930	4180077	3033382	4254682	4077771	3418799	4331393	2923065	3928992	4598006	4636787	5349326	4963397	4208774	4878025	6129175	5152195	4875754	
"Germany"	2648364	3215647	1767646	3714805	2975902	4355179	2995622	3062728	5141595	4227450	3645487	5122284	4910934	7099818	7998481	4122419	3534679	7305542	4378038	3433275	
"Belgium"	3505761	2462916	3218750	2116553	1751899	2332683	2146076	1918810	2891377	2892311	2788000	3351179	3386734	3689533	3646079	2947153	3325006	3651431	2571053	3373831	
"United States of America"	575221	259250	306676	288848	611207	485406	593274	630430	361182	609400	307829	366100	226250	270260	150430	424965	404805	296175	238795	389500	
"Singapore"	150970	531500	375142	375840	675000	532000	850000	691840	175000	250420	623000	477825	400000	50000	175000	200000	400000	275000	350840	322000	
"Spain"	100328	91626	85399	102622	162997	104536	181246	127646	111341	160424	102275	122295	150599	131508	111405	186985	208976	204913	170357	183384	
"Greece"	117960	93010	57629	83020	66000	84551	170375	138763	132404	62870	58950	140253	160330	139438	163666	86052	117232	125214	164460	140446	
"Syrian Arab Republic"	0	24000	0	0	0	0	24000	50000	74000	149975	24000	50000	50000	0	224525	0	0	0	173000	124950	
"Poland"	32500	89012	112400	112300	147101	175102	118275	147501	36421	5251	118002	194203	182184	72602	28242	68367	60665	77820	88835	123759	
"Morocco"	25000	0	0	110000	10376	0	0	0	22520	0	0	0	0	0	84500	53840	50000	92680	17680	100000	
"Iran, Islamic Republic of"	0	0	0	0	0	50000	0	50000	0	150000	0	250000	275000	100000	325000	0	250000	0	475000	100000	
"Saudi Arabia"	26000	3700	2000	61240	125000	52001	22400	128700	68175	70800	95800	2000	100000	1000	72110	48500	48050	184960	2260	95250	
"United Kingdom"	313618	169952	68360	28854	47972	360567	57254	48504	70600	261356	119186	132320	94986	126099	159463	130972	179366	101287	149875	81272	
"Austria"	50235	24106	107587	88680	9064	28782	31200	11640	65221	17360	24685	37725	130138	141961	54140	82925	143664	79941	32020	77381	
"Italy"	545896	517610	496819	631016	875202	465995	326308	701576	272979	131111	351575	1141452	548386	350545	393870	471124	191199	167656	128508	77159	
"Egypt"	0	16000	0	0	0	8000	16272	0	160950	10800	0	8000	6221	0	119074	0	116720	650000	450000	75000	
"Hungary"	176100	127032	300400	77224	80719	62140	130949	140970	26138	275872	319221	574982	930245	792873	566081	751044	841267	451786	67771	73044	
"Indonesia"	349923	59712	0	25000	77852	208344	151394	31462	0	86032	0	60769	237736	154352	0	91428	106356	134028	227004	70584	
"China"	14000	18452	10752	32214	18448	0	23827	23931	51080	76124	0	88112	41936	3200	16896	66321	60705	26215	46956	53556	
"Japan"	700	0	200000	1500	0	354401	475000	50000	983	616001	150474	0	5525	650	320	0	0	315000	1550821	51005	
"Lebanon"	0	76600	0	0	147700	59015	1250	51600	18950	1120	51200	25000	75000	50000	0	50000	60800	75000	69000	50000	
"Slovakia"	0	0	0	0	0	0	0	0	0	0	0	45000	0	22500	43750	45567	31985	412	513	45497	
"Israel"	0	15000	1560	0	0	2062	0	10000	4992	744	0	0	13616	0	1550	0	12776	0	0	29500	
"Denmark"	78870	161020	46690	51876	54808	41064	48891	104739	111543	8751	47181	25414	49909	143443	91173	63206	90675	31288	15841	28813	
"Türkiye"	311445	81240	23500	40030	22950	49684	107600	41444	313118	39896	225150	610000	37200	376498	128484	20900	71400	48730	186250	27902	
"Senegal"	0	0	0	0	0	0	0	0	0	0	0	0	0	0	0	0	0	0	15000	25000	
"Romania"	88802	63654	42860	105250	0	0	21000	0	42065	15047	87525	1562	43123	19700	20273	5246	15043	49903	31317	24924	
"Macedonia, North"	0	0	0	0	0	0	0	1374	0	0	0	21600	0	0	0	0	0	0	0	23000	
"Bulgaria"	6082	3840	288	3840	52993	63650	41710	0	12993	21650	96	58266	115465	64961	42050	47033	35368	5857	2038	22303	
"Cyprus"	0	21896	21896	0	21750	3104	0	0	0	50761	0	0	16128	0	0	46384	23582	1381	22681	21049	
"Nicaragua"	0	0	0	0	0	0	0	0	0	0	0	0	0	0	0	0	0	0	0	20000	
"Mauritius"	0	5760	0	0	22600	0	0	0	0	0	5120	0	0	15120	0	6440	0	0	0	19320	
"Sweden"	65040	66198	51222	63594	51731	40978	38916	89940	52813	22038	41852	36454	74867	68304	44052	60145	53039	47082	25216	17882	
"South Africa"	200	0	0	0	0	0	5000	0	0	0	0	0	0	0	0	0	0	0	0	14899	
"Aruba"	7771	3633	3561	6454	6055	2564	5429	8895	3669	4187	5703	5203	2626	5845	6767	3196	10835	19096	7809	10676	
"Malta"	5000	0	0	0	5000	1984	0	0	5640	640	0	717	5992	0	0	954	7219	3795	8479	7450	
"Portugal"	2994	1609	265	3619	1798	1641	2472	2619	1914	4025	1877	1823	5031	2498	3246	2797	28861	6133	8309	6532	
"Mali"	0	680	6120	850	0	600	203	0	1030	400	1120	900	1620	4930	0	450	3500	200	1200	4510	
"Special categories"	4447	22213	13624	2367	13792	3952	11684	1512	2688	8299	5043	3789	6096	9328	12508	1200	1360	808	456	3753	
"Slovenia"	0	900	288	4800	2600	0	550	3500	1000	2400	1000	6550	2100	1800	2700	266	2322	3334	4032	3665	
"Bahrain"	0	0	0	0	0	0	0	0	490	0	0	0	0	0	0	0	0	4840	0	3009	
"Curaçao"	0	357	4157	834	7441	2396	6036	1500	4478	2524	2250	11359	2155	4817	3776	1000	3313	2124	3021	2965	
"Czech Republic"	0	64800	21600	300	5880	41180	255000	181250	32000	33825	189875	126501	42832	66751	22500	21815	42279	49767	2924	2856	
"Equatorial Guinea"	3520	12180	315	4490	400	0	1140	0	5100	1400	0	3400	1770	11800	0	145	568	0	200	2424	
"Côte d'Ivoire"	295	321	0	310	0	0	380	0	120	710	0	148	220	692	965	250	120	150	570	2100	
"Suriname"	0	0	0	0	0	0	0	0	0	0	0	0	0	0	0	800	250	7700	260	2072	
"Sierra Leone"	0	2475	0	2950	0	0	0	0	590	0	1620	0	0	1090	0	1000	0	0	7680	2060	
"Estonia"	1214	0	973	0	4166	4774	158	136	1196	1161	226	1154	319	2224	0	3095	927	1344	3800	2043	
"Thailand"	0	0	0	0	0	0	0	0	0	0	0	0	0	0	0	0	0	0	0	1980	
"Mauritania"	506	0	0	0	2001	0	0	0	1500	0	0	3000	0	0	0	0	0	0	0	1890	
"Burkina Faso"	0	0	0	0	0	0	0	0	0	0	0	0	545	0	0	0	0	0	0	1750	
"Congo"	0	0	1160	0	2651	402	0	700	100	0	1011	1252	860	0	402	0	0	0	4532	1500	
"Iraq"	440	0	346	3430	200	16184	120	440	71	135	120	2496	270	15000	579	960	0	8199	460	1120	
"Hong Kong, China"	0	0	0	0	11250	13090	32186	27243	3399	420	0	0	0	0	0	0	0	4763	3188	1050	
"Somalia"	0	0	0	0	0	0	0	0	0	0	0	295	0	306	130	0	0	210	430	922	
"Luxembourg"	76	89	0	0	0	0	117	124	159	41941	116	125	0	0	0	68	78	127	3277	921	
"Nigeria"	0	1880	0	1950	7430	0	0	1875	0	1568	1976	4785	1800	0	480	0	2788	4941	819	920	
"Angola"	614	2700	0	279	1200	0	0	0	0	480	0	130	1310	650	0	0	0	0	0	851	
"Ireland"	1029	1039	1680	906	1536	2144	565	638	25152	221654	25298	1759	563949	4404	1620	873	4813	697	96485	788	
"Cambodia"	488	0	336	860	256	560	1720	672	672	0	0	0	1868	0	0	480	448	0	784	672	
"Lithuania"	13500	1000	21600	154275	23000	23000	99425	0	111000	83050	67000	465500	945825	635500	582500	286441	480974	228908	783	602	
"Gambia"	0	2000	1202	400	0	150	1575	0	250	150	3264	1451	300	1050	1200	2088	4110	1500	400	300	
"Croatia"	0	0	204	0	0	0	0	0	0	0	0	0	0	0	0	121	809	166	21099	287	
"Antigua and Barbuda"	0	0	0	0	0	0	0	0	0	0	0	0	440	1120	256	640	560	590	0	280	
"Canada"	0	0	0	0	0	0	2160	250	0	1200	1000	0	1100	425300	0	0	0	660	360	250	
"Haiti"	1300	2980	600	360	400	760	1070	0	510	820	510	290	1450	0	1650	600	1020	990	1060	250	
"Gibraltar"	0	0	0	0	0	0	0	0	0	0	0	0	0	0	0	100	260	0	200	180	
"Ghana"	2060	0	0	0	0	150	0	1042	0	0	3861	2314	0	1000	432	3388	1260	2000	4372	100	
"Latvia"	0	0	0	3000	0	0	0	0	0	0	0	0	0	0	0	57	53	152	0	27	
"Finland"	0	0	0	0	0	0	0	0	0	0	0	0	0	0	0	0	1	0	202	21	
"Guinea"	0	0	0	0	0	0	0	0	0	0	0	0	0	750	0	0	1000	250	725	0	
"Liberia"	2680	2906	2688	0	0	2070	3310	1344	0	0	1590	1325	0	380	0	280	750	360	580	0	
"Libya, State of"	0	18000	0	0	0	0	0	0	18000	0	0	0	0	0	0	0	18000	0	0	0	
"Jordan"	0	0	0	0	25000	0	0	0	0	0	0	25000	25000	0	0	0	0	3264	0	0	
"Kenya"	0	0	1600	0	0	0	0	0	0	0	0	0	0	0	0	0	0	0	0	0	
"Korea, Republic of"	2880	0	3660	80825	0	4880	2880	7090	6440	2000	1500	4330	3500	220000	3880	0	0	0	0	0	
"Kuwait"	0	0	0	0	75000	0	0	0	75000	0	0	0	0	0	0	0	25000	25000	500	0	
"Malaysia"	8000	2600	0	800	900	0	6400	21802	18000	3300	0	560	6080	4400	0	0	18000	0	7480	0	
"Maldives"	0	0	0	0	0	15000	0	0	0	0	0	0	0	0	0	0	0	15000	4896	0	
"Mexico"	0	0	0	0	0	0	0	0	0	0	4480	0	0	12800	0	0	3200	0	0	0	
"Taipei, Chinese"	110520	25000	25000	201850	98800	54520	110960	25000	50000	75000	0	14000	83030	52350	51350	65175	90750	50400	10000	0	
"Moldova, Republic of"	0	0	0	0	0	768	0	0	768	0	0	0	0	0	0	0	0	0	0	0	
"Cabo Verde"	13464	0	0	13464	0	0	504	0	13464	8088	504	0	13464	0	504	0	13464	0	0	0	
"Central African Republic"	1700	3220	2151	1000	500	0	0	0	3000	641	0	600	2000	0	1299	3100	0	700	0	0	
"Chad"	3500	500	0	500	800	1000	2000	0	0	1000	0	0	0	0	0	0	0	3000	0	0	
"Chile"	0	0	16128	15360	0	0	0	0	0	0	15360	0	0	0	24000	0	0	0	0	0	
"Bosnia and Herzegovina"	0	0	0	0	0	0	0	0	0	0	0	0	2520	1260	0	0	0	0	0	0	
"Brazil"	0	0	0	0	0	0	1491	0	0	0	0	0	0	0	0	0	0	0	0	0	
"Albania"	0	0	0	0	0	0	0	0	0	0	0	0	0	0	0	0	1340	0	0	0	
"Algeria"	0	22500	0	0	0	0	0	0	0	0	0	0	0	0	0	0	0	0	0	0	
"Azerbaijan"	0	0	4000	0	0	0	0	834	0	0	0	0	0	0	0	0	0	0	0	0	
"Argentina"	0	0	0	0	0	0	0	0	0	0	0	0	0	300	0	0	0	0	0	0	
"Bangladesh"	524	0	0	0	0	0	0	0	0	0	0	0	0	0	0	440	378	0	1092	0	
"Armenia"	0	0	0	0	0	2000	0	0	0	0	0	0	0	0	0	0	0	0	0	0	
"Cuba"	0	0	0	0	0	4200	300	43600	0	0	6779	0	3000	3200	1200	4988	3200	4800	0	0	
"Cameroon"	2000	0	0	0	0	0	0	0	0	0	0	0	0	0	0	0	0	0	0	0	
"Congo, Democratic Republic of the"	0	0	800	0	0	0	0	1200	2580	150	1560	1860	1480	1170	1060	1800	3290	0	0	0	
"Falkland Islands (Malvinas)"	0	0	0	290	0	290	0	0	0	0	0	0	330	0	150	0	0	0	0	0	
"Gabon"	0	0	0	0	0	0	600	100	0	300	0	700	0	0	0	0	0	0	0	0	
"Georgia"	0	0	0	0	20000	0	0	0	0	0	0	25000	0	0	25000	0	0	4608	25000	0	
"Ethiopia"	704	0	0	0	0	0	0	0	0	0	0	0	0	0	0	0	0	0	0	0	
"Eritrea"	0	0	600	0	0	0	0	0	0	0	0	0	0	0	0	0	0	0	0	0	
"Dominican Republic"	0	0	0	0	0	0	0	0	0	0	176	0	0	0	0	0	0	0	0	0	
"El Salvador"	0	0	0	0	0	0	0	0	0	0	0	0	0	0	0	0	0	0	20000	0	
"Norway"	0	0	0	0	0	0	0	430	0	0	0	0	0	0	0	0	0	0	0	0	
"Pakistan"	0	0	0	0	0	0	0	0	0	0	0	0	0	880	0	0	4480	0	0	0	
"Philippines"	0	0	0	0	0	0	12127	22900	0	0	0	0	0	0	0	0	0	0	0	0	
"Mozambique"	0	630	0	200	0	0	0	0	0	0	0	0	0	0	0	0	0	0	0	0	
"Seychelles"	0	0	0	0	0	0	0	0	0	0	6144	0	0	0	0	0	106	0	0	0	
"Sint Maarten (Dutch part)"	0	640	662	0	0	0	0	622	0	0	0	0	0	4033	0	0	0	0	0	0	
"Bonaire, Sint Eustatius and Saba"	695	537	489	0	0	0	600	0	0	840	0	650	0	1680	0	0	0	1250	525	0	
"Sudan"	0	0	1780	400	1500	0	700	0	620	530	2200	800	0	1000	750	0	550	850	1000	0	
"India"	0	0	0	0	0	0	0	240	0	0	0	0	0	0	0	0	0	0	623	0	
"Viet Nam"	0	240	280	200	0	400	13840	940	4400	0	0	12480	446	17200	13946	0	0	0	0	0	
"United Arab Emirates"	0	0	0	0	484	0	0	0	0	1060	0	0	0	1000	240	0	0	297	0	0	
"Uganda"	1357	0	0	0	1251	0	0	0	0	0	0	1140	2242	800	800	200	200	0	0	0	
"Ukraine"	0	7852	0	756	0	0	0	0	0	0	0	0	7840	20000	0	0	7840	0	0	0	
"Switzerland"	20000	20000	20000	0	0	0	20000	40000	0	0	40000	0	0	40000	0	0	0	0	50	0	
"Yemen"	0	400	0	0	0	0	0	0	0	0	0	0	0	0	0	0	0	0	99675	0	
"Tanzania, United Republic of"	0	0	0	0	0	0	0	0	0	0	1536	0	0	0	0	0	0	4800	0	0	
"Ship stores and bunkers"	46751	6958	750	0	1500	5350	1652	2010	3520	5870	5720	28724	19720	1060	0	0	0	0	0	0	
