Importers	2021-M02-Exported quantity, Kilograms	2021-M03-Exported quantity, Kilograms	2021-M04-Exported quantity, Kilograms	2021-M05-Exported quantity, Kilograms	2021-M06-Exported quantity, Kilograms	2021-M07-Exported quantity, Kilograms	2021-M08-Exported quantity, Kilograms	2021-M09-Exported quantity	2021-M09-Unit	2021-M10-Exported quantity, Kilograms	2021-M11-Exported quantity, Kilograms	2021-M12-Exported quantity, Kilograms	2022-M01-Exported quantity, Kilograms	2022-M02-Exported quantity, Kilograms	2022-M03-Exported quantity, Kilograms	2022-M04-Exported quantity, Kilograms	2022-M05-Exported quantity, Kilograms	2022-M06-Exported quantity, Kilograms	2022-M07-Exported quantity, Kilograms	2022-M08-Exported quantity, Kilograms	2022-M09-Exported quantity, Kilograms	
"World"	17764321	23579199	24127786	18799970	19245556	19457211	21396645	22227690	Kilograms	24410568	30803136	33145905	16889387	22735529	22434397	22798328	22277683	22887401	18861441	19854574	22490541	
"Germany"	5491608	10331687	11597521	6895939	7489531	7399693	6694765	7276884	Kilograms	9109317	12764681	17059502	4759191	10400347	7769803	8671633	8924087	8755033	5864519	8472461	10462072	
"France"	4605594	5147730	5198267	5301655	5379087	5469687	6126581	6504677	Kilograms	6343295	6923926	6548859	4845296	4346613	5150724	5798929	5341501	7101355	6032435	4796995	5011387	
"Belgium"	3438456	2730974	3006674	2233599	2386015	2601895	3232927	3296082	Kilograms	3479292	3448565	3715253	2699012	3004588	3829293	3358847	2784620	2340921	2390801	2061619	2506434	
"Italy"	593433	464486	286949	143481	401789	275215	493070	616577	Kilograms	855392	1242165	369174	522021	419128	591235	635466	453086	366431	571396	360623	924735	
"Spain"	209484	399616	440150	338239	357977	475928	448518	517779	Kilograms	543344	393776	605774	605774	536099	742846	707491	969456	721312	511524	634086	638826	
"Poland"	576168	377530	337152	189597	211580	251999	120359	378030	Kilograms	851433	1001212	550030	241864	196453	284424	249776	244530	373690	179689	89382	373818	
"Switzerland"	21600	285700	162750	64175	104100	205600	191100	292825	Kilograms	21600	147175	213500	85500	123750	149493	90300	106000	101800	145250	275875	316025	
"Indonesia"	105842	396965	90086	0	255832	127380	147036	168756	Kilograms	147355	0	0	689462	729094	377414	363146	0	0	540228	536916	277277	
"Austria"	64855	72475	81900	81100	87325	99638	60530	176048	Kilograms	234555	289058	150746	99296	99678	266829	158161	152795	212698	105371	57191	262557	
"United States of America"	279480	543012	1031033	113868	763167	736344	603903	218552	Kilograms	348521	2067166	1433267	253000	743565	471706	250776	486458	539838	614229	527284	186075	
"Romania"	131428	131201	76941	2620	5638	64412	20254	173660	Kilograms	264735	360035	123151	199917	159904	52506	48916	180391	195355	135291	192446	168937	
"Singapore"	169450	420746	7255	240840	105750	343701	236988	212075	Kilograms	319400	208245	294000	161825	50000	262200	163450	135000	322250	204200	205501	158025	
"Greece"	59359	173490	162152	132478	171870	253156	108326	252678	Kilograms	150871	161093	126247	80079	107266	173764	181200	153852	156527	205352	182178	139044	
"China"	487290	447218	649214	97400	166800	347611	158600	258410	Kilograms	17710	53040	163320	370473	244544	317985	202519	324590	269770	16000	30510	111950	
"Denmark"	57342	101202	15713	74504	188408	44772	379691	158511	Kilograms	218207	160117	174691	200581	145626	171304	91923	216140	120306	172247	286201	108997	
"Taipei, Chinese"	17710	190496	76500	22500	151810	62710	53627	45000	Kilograms	23925	7406	0	45010	0	111820	99570	196750	19872	0	0	82645	
"Ireland"	14026	43348	41027	33051	111895	7270	16560	48687	Kilograms	134555	242327	220299	26579	42367	72467	39593	72081	67926	52607	49821	81866	
"Bulgaria"	67903	50812	46529	25734	46616	23376	49017	112734	Kilograms	71334	66591	46114	31780	33207	22066	91641	55272	33328	42804	1153	72981	
"Portugal"	641	6461	7139	2139	984	1174	2656	3799	Kilograms	1880	2881	24637	4373	2170	28192	112809	146335	88488	235696	169770	54695	
"Saudi Arabia"	50000	50000	70000	0	69000	50000	0	75000	Kilograms	25000	25000	25000	0	50000	100000	75000	25000	50000	0	25000	50000	
"Syrian Arab Republic"	50000	25000	0	0	0	0	0	0		0	48000	0	41000	50000	72750	50000	0	73000	0	0	50000	
"Jordan"	25000	18000	25000	50000	49750	0	25000	0		25000	25000	0	25000	25000	0	41000	33438	0	0	0	50000	
"Hungary"	55032	73475	116174	69341	132644	55840	75216	122148	Kilograms	80433	167422	111780	89222	65197	66899	65876	136402	91676	48503	46880	48154	
"Ship stores and bunkers"	0	300	194	262	551	1291	840	0		0	0	0	3474	3130	5100	15583	36173	36850	45175	46952	47787	
"Iraq"	19990	662	5490	10578	5626	476	17198	4113	Kilograms	5560	27852	4204	1970	15692	1139	30185	9189	20748	2622	1637	43106	
"Malaysia"	25900	26880	0	0	0	25500	0	7691	Kilograms	18340	21800	0	27880	0	7691	29470	28210	0	16200	0	37380	
"Israel"	20667	0	9240	2100	0	10136	3150	904	Kilograms	8660	0	0	11059	23392	31465	0	0	25310	0	0	33784	
"Cyprus"	307025	948	97	2029306	25042	14533	457629	255574	Kilograms	3981	70711	172806	150393	620999	794356	795575	608106	31157	18494	30450	25841	
"Kuwait"	0	25000	0	0	0	0	0	25000	Kilograms	0	0	0	0	0	0	0	0	25000	0	0	25000	
"United Kingdom"	3430	5594	73315	26753	24743	25548	94102	66825	Kilograms	5552	36827	35106	98669	4392	9101	9498	4763	6496	225431	222943	24588	
"Japan"	25000	294675	0	99500	0	0	49500	24004	Kilograms	24500	50000	24500	0	25005	12500	12564	49000	25000	48000	73500	24500	
"Sweden"	20367	50811	31161	24431	40261	13482	27845	19143	Kilograms	33794	25374	12214	17796	37837	23913	33755	28099	35586	24116	15998	21551	
"Korea, Republic of"	79130	42310	40100	59480	122400	100	79000	103872	Kilograms	59800	71436	59910	29100	24000	8000	118020	0	20624	35934	55310	13530	
"Bahrain"	0	0	0	0	0	0	0	0		0	0	0	0	0	0	0	0	0	0	0	12096	
"Aruba"	4741	4261	5347	6434	8469	6076	6411	6277	Kilograms	4609	7374	6899	4324	5400	7330	5609	7177	3239	6395	4425	8979	
"Czech Republic"	51971	112400	37352	10603	30047	28875	24953	87692	Kilograms	187955	197149	102876	81866	15024	40632	14902	122160	39044	38886	60766	5992	
"Slovakia"	69	268	63	1403	94	82	1476	154	Kilograms	1433	46328	373	23612	1028	2849	1378	38438	20637	966	954	4089	
"Curaçao"	8410	3629	4538	10059	4724	4646	13616	6112	Kilograms	6241	5349	6780	4111	9711	2397	980	5969	1517	1056	3724	3107	
"Lithuania"	250228	25443	43997	25164	22025	24408	214472	63629	Kilograms	138148	88921	80357	84390	43898	126981	99599	48377	97572	261839	140421	2206	
"Slovenia"	4987	4166	21735	4640	282	4234	258	3731	Kilograms	260	4093	5915	347	17533	786	2699	709	1423	5651	23525	1917	
"Mali"	1014	0	320	4004	2780	300	3460	3086	Kilograms	2100	3276	4854	2150	800	0	352	0	848	234	196	1820	
"Malta"	2366	905	0	864	1529	2392	3155	2909	Kilograms	2462	1063	5224	428	343	7328	1130	1500	9766	2720	2594	1736	
"Ghana"	0	0	450	400	180	1250	0	2400	Kilograms	0	280	0	1696	504	0	400	1100	0	1600	2800	1600	
"Luxembourg"	348	140	25	613	514	497	424	661	Kilograms	875	53	94	598	479	385	658	963	666	1335	1069	1291	
"Sierra Leone"	2513	0	2690	0	2408	1160	88	1960	Kilograms	0	1952	950	0	552	0	0	0	2416	0	1000	1176	
"Finland"	0	0	380	16	11	27	0	861	Kilograms	0	139	195	2164	2267	3420	6579	2244	6300	1302	1065	1108	
"Equatorial Guinea"	340	860	730	720	2280	0	1101	240	Kilograms	0	120	600	300	0	1000	250	1184	0	550	660	1064	
"Gambia"	480	0	0	860	550	0	205	1155	Kilograms	0	255	835	580	0	350	0	0	0	0	435	900	
"Bonaire, Sint Eustatius and Saba"	3187	2962	1315	1860	2517	2683	3252	2515	Kilograms	2688	3977	2894	2586	3107	4037	2561	2335	3009	1397	2699	842	
"Thailand"	0	0	0	0	0	0	0	0		0	0	36800	49100	0	0	0	0	0	0	0	784	
"Cambodia"	784	0	0	0	1568	0	0	0		784	784	784	0	784	0	0	784	0	0	784	784	
"Croatia"	359	381	42379	336	21472	21392	209	164	Kilograms	185	254	389	390	291	887	992	63914	63781	851	60826	755	
"Senegal"	21425	45750	4000	94810	25000	0	800	21800	Kilograms	45150	10500	60500	19275	25000	5475	0	0	10610	18975	5000	680	
"Norway"	550	420	4550	0	4715	930	11232	200	Kilograms	516	651	700	0	10134	770	360	290	3821	166	357	596	
"Estonia"	3	24	17	20672	8	674	84	876	Kilograms	49	278	60	430	450	486	451	432	576	278	692	519	
"United Arab Emirates"	0	25000	0	75013	0	0	0	25074	Kilograms	0	0	2924	25000	0	54500	0	5142	855	0	0	500	
"Suriname"	2260	2660	5880	11440	11440	13672	3190	4240	Kilograms	0	60	1660	2610	1760	6586	2940	1408	5950	1800	5270	420	
"Antigua and Barbuda"	0	784	0	392	0	0	1176	0		392	0	0	784	384	784	0	0	392	0	0	392	
"Canada"	402	0	500	0	0	0	0	242	Kilograms	0	0	0	360	160	0	0	200	0	0	0	321	
"Latvia"	44212	109280	24688	377	21466	162	313	0	Mixed	22719	305	196	1293	624	972	601	688	724	289	357	308	
"Sudan"	0	0	0	2850	800	0	0	0		0	0	0	0	0	0	2180	0	0	0	350	300	
"Niger"	0	0	0	0	0	0	0	0		0	0	0	1090	0	0	249	0	90	0	90	200	
"Congo, Democratic Republic of the"	140	600	0	0	600	160	250	104	Kilograms	0	250	0	0	254	0	324	0	200	1100	510	167	
"Falkland Islands (Malvinas)"	0	0	0	0	0	100	0	0		0	935	0	0	0	250	0	0	0	0	0	120	
"Morocco"	13620	50028	18040	28	132820	25072	25020	159640	Kilograms	275955	70040	97580	0	127346	13864	45032	0	238	130	266	96	
"Iceland"	0	0	0	0	0	0	0	0		0	0	0	276	18	0	0	0	0	0	133	78	
"Côte d'Ivoire"	250	0	204	0	0	0	0	0		0	0	0	0	0	200	250	0	280	0	0	0	
"Palestine, State of"	0	0	0	0	0	0	0	19603	Kilograms	0	0	0	0	0	0	0	0	0	0	0	0	
"Gibraltar"	365	0	0	0	154	0	110	0		104	329	0	430	0	180	0	94	80	0	222	0	
"Guinea"	0	0	0	2000	0	0	0	0		100	0	0	0	0	0	122	0	80	115	0	0	
"Guyana"	0	265	0	170	0	0	0	0		1932	0	0	0	0	0	0	0	0	290	0	0	
"Hong Kong, China"	0	0	0	0	0	0	0	0		0	0	0	0	0	19000	0	0	0	0	0	0	
"Liberia"	0	0	0	304	608	216296	600000	0		0	0	1600	0	0	0	0	3232	0	160	0	0	
"Libya, State of"	0	502	0	0	400	0	0	0		0	0	0	349	0	0	0	0	0	800	0	0	
"Macao, China"	0	0	360	0	0	0	0	0		0	0	0	0	0	0	0	0	0	0	0	0	
"Lebanon"	66096	25000	6100	50000	6780	0	0	0		25000	27500	0	25000	0	0	0	0	5500	0	0	0	
"Mauritania"	0	1380	0	0	0	0	250	0		3000	0	0	0	0	2396	2196	1025	750	0	0	0	
"Mauritius"	0	0	0	0	100	0	0	0		0	160	0	0	0	0	0	0	0	0	730	0	
"Mexico"	0	2660	0	1440	0	0	0	3456	Kilograms	0	1920	0	0	3200	0	2816	7227	9117	8960	0	0	
"Maldives"	0	125	925	25392	125	0	1232	2064	Kilograms	620	1232	990	0	840	0	0	0	392	1232	0	0	
"Moldova, Republic of"	0	0	0	0	0	0	0	0		0	0	0	42000	0	20000	0	0	0	0	0	0	
"Eritrea"	120	0	0	0	0	0	0	0		0	0	0	0	350	0	0	0	0	0	0	0	
"Georgia"	0	0	0	25000	0	0	50000	75000	Kilograms	0	25000	0	0	0	0	0	0	0	0	25000	0	
"Cuba"	96	2464	0	0	0	0	0	0		0	0	0	0	0	0	0	0	0	0	0	0	
"Comoros"	0	0	0	0	0	0	1540	0		0	0	0	0	2310	0	0	0	0	0	0	0	
"Congo"	550	300	0	0	0	0	0	0		0	0	800	0	0	1620	0	800	0	0	1000	0	
"Benin"	0	0	0	3526	0	0	0	0		0	0	0	0	0	0	0	2956	0	0	13427	0	
"Dominican Republic"	0	0	0	0	0	0	0	0		0	494	2472	0	0	0	0	0	0	0	0	0	
"Cabo Verde"	0	0	0	13464	0	0	0	0		13464	0	0	0	0	0	0	0	0	0	0	0	
"Central African Republic"	0	0	650	0	0	0	500	0		0	0	500	0	0	0	0	0	0	0	0	0	
"Chad"	1200	0	0	0	0	0	0	0		1200	0	0	0	960	0	0	0	0	0	0	0	
"Cameroon"	23500	0	0	0	0	0	0	0		0	0	0	0	0	0	0	0	0	0	0	0	
"Bosnia and Herzegovina"	0	0	0	0	0	0	0	0		0	0	200	320	0	0	0	245	400	520	176	0	
"Azerbaijan"	0	0	0	1200	0	0	0	0		0	0	0	0	500	0	0	0	0	0	0	0	
"Argentina"	0	0	0	0	0	0	0	0		0	0	800	0	0	0	0	0	0	0	0	0	
"Australia"	0	0	94618	0	0	6400	0	0		0	0	0	0	6400	0	0	0	24114	17710	0	0	
"Bangladesh"	0	480	0	0	490	0	0	0		0	0	0	0	0	0	0	0	0	0	0	0	
"Afghanistan"	0	3404	130	0	1144	1510	0	0		0	0	0	0	0	0	0	0	0	0	0	0	
"Algeria"	0	25000	45880	0	0	0	0	0		0	0	0	0	0	0	0	0	0	0	0	0	
"Mozambique"	0	200	0	0	0	0	0	0		0	0	296	0	0	0	952	0	0	0	0	0	
"Oman"	0	0	0	0	0	0	0	0		0	0	0	0	0	732	0	0	0	0	0	0	
"Nigeria"	0	0	503	14299	0	0	240	8668	Kilograms	400	8452	52636	2612	0	1600	8040	2607	21586	0	400	0	
"Sint Maarten (Dutch part)"	0	0	0	0	0	0	0	0		0	2640	0	0	0	0	0	0	0	0	0	0	
"Panama"	0	200	200	0	104	0	140	0		0	0	0	678	0	100	0	250	0	0	0	0	
"Philippines"	0	0	0	0	0	0	0	0		0	0	0	12800	0	14280	0	27915	266897	0	0	0	
"Qatar"	25000	0	0	0	25000	0	0	0		0	0	0	25057	91	50000	97	0	3700	0	0	0	
"Serbia"	150	0	0	0	0	0	0	0		0	0	0	0	0	0	0	0	0	0	0	0	
"Somalia"	247	750	1004	504	316	302	166	354	Kilograms	98	182	0	4156	214	0	0	400	0	0	3157	0	
"South Africa"	0	0	0	0	0	0	0	0		0	1140	8460	0	0	0	0	0	0	0	0	0	
"Viet Nam"	0	784	0	0	0	0	1960	0		0	0	0	1568	0	784	784	392	0	0	0	0	
"Türkiye"	107280	101000	0	0	42000	39540	2152	40150	Kilograms	1000	80400	0	1680	0	37382	96	20000	29000	0	19656	0	
"Uganda"	0	370	0	0	100	0	0	864	Kilograms	0	0	0	80	0	0	0	0	0	0	0	0	
"Ukraine"	0	0	0	0	0	63020	420000	260100	Kilograms	217250	93052	3800	0	0	0	0	0	0	0	0	0	
"Macedonia, North"	0	0	0	0	0	0	0	0		0	0	0	0	0	0	0	0	0	0	21000	0	
"Egypt"	50000	50300	50000	0	12000	0	25000	0		0	0	382000	44000	91000	0	0	0	22500	0	0	0	
"Togo"	0	0	0	3526	0	0	0	0		0	0	2630	0	0	0	0	4000	750	0	0	0	
"Tokelau"	0	0	0	0	0	0	0	0		0	0	0	0	0	25000	0	0	0	0	0	0	
"Special categories"	1748	25128	22353	786	678	2229	2045	5124	Kilograms	6523	7323	4177	134	0	0	0	0	0	0	0	0	
"Burkina Faso"	0	0	0	0	1016	600	2150	480	Kilograms	0	0	0	0	4158	0	0	0	0	0	0	0	
"Uzbekistan"	0	20000	0	20000	0	0	0	0		20000	0	0	0	0	0	0	0	0	0	0	0	
