Importers	2013-M03-Exported quantity, Tons	2013-M04-Exported quantity, Tons	2013-M05-Exported quantity, Tons	2013-M06-Exported quantity, Tons	2013-M07-Exported quantity, Tons	2013-M08-Exported quantity, Tons	2013-M09-Exported quantity, Tons	2013-M10-Exported quantity, Tons	2013-M11-Exported quantity, Tons	2013-M12-Exported quantity, Tons	2014-M01-Exported quantity, Kilograms	2014-M02-Exported quantity, Kilograms	2014-M03-Exported quantity, Kilograms	2014-M04-Exported quantity, Kilograms	2014-M05-Exported quantity, Kilograms	2014-M06-Exported quantity, Kilograms	2014-M07-Exported quantity, Kilograms	2014-M08-Exported quantity, Kilograms	2014-M09-Exported quantity, Kilograms	2014-M10-Exported quantity, Kilograms	Unnamed: 25"
""World"""	8072	12518.0	4927.0	5816.0	12423.0	12075.0	12989.0	15376	15453.0	12871	14192697.0	12231558.0	14592830.0	13936290.0	14913747.0	16764545.0	15787972.0	13774884.0	15742465.0	14668208.0	"
""France"""	2025	4878.0	1731.0	2191.0	4537.0	4502.0	4828.0	5856	5141.0	4437	4468841.0	3992374.0	4578250.0	5042384.0	4730433.0	5161172.0	4706099.0	3550809.0	4984675.0	5224999.0	"
""Belgium"""	514	2892.0	229.0	290.0	3162.0	2356.0	2801.0	3344	3883.0	2721	1958685.0	1972512.0	2870731.0	2602473.0	3189589.0	3097098.0	2362895.0	2486794.0	3676495.0	3505761.0	"
""Germany"""	3858	2279.0	899.0	1426.0	1935.0	2731.0	2194.0	3127	3170.0	4059	4223577.0	2328296.0	2105350.0	2526580.0	3535055.0	5048323.0	4365350.0	4770885.0	3860540.0	2648364.0	"
""United States of America"""	0	0.0	0.0	0.0	0.0	0.0	0.0	0	0.0	0	360751.0	161802.0	233714.0	269653.0	269670.0	125846.0	216936.0	179734.0	198898.0	575221.0	"
""Italy"""	1	793.0	17.0	46.0	103.0	199.0	674.0	656	685.0	544	809116.0	687138.0	486039.0	599515.0	728720.0	960772.0	827720.0	532941.0	749222.0	545896.0	"
""Indonesia"""	77	310.0	116.0	274.0	189.0	0.0	0.0	251	0.0	61	144363.0	157310.0	162278.0	125848.0	29856.0	0.0	52640.0	0.0	53472.0	349923.0	"
""United Kingdom"""	1	233.0	264.0	439.0	603.0	572.0	622.0	675	317.0	188	865701.0	1092539.0	1412958.0	288028.0	631445.0	387016.0	234912.0	387650.0	312810.0	313618.0	"
""Türkiye"""	18	35.0	21.0	48.0	37.0	36.0	10.0	25	519.0	39	34000.0	39170.0	6000.0	41604.0	21500.0	36650.0	162814.0	40550.0	39050.0	311445.0	"
""Hungary"""	0	46.0	44.0	43.0	106.0	36.0	72.0	71	84.0	23	31250.0	68400.0	28200.0	35000.0	57000.0	72100.0	51000.0	25000.0	98400.0	176100.0	"
""Singapore"""	750	400.0	701.0	200.0	425.0	225.0	326.0	229	524.0	250	425000.0	200011.0	575000.0	425000.0	450840.0	343550.0	325000.0	425025.0	520010.0	150970.0	"
""Greece"""	93	136.0	85.0	97.0	90.0	128.0	73.0	98	128.0	45	96100.0	56510.0	107630.0	115150.0	123200.0	176640.0	114270.0	67540.0	102860.0	117960.0	"
""Taipei, Chinese"""	40	43.0	0.0	25.0	0.0	0.0	51.0	10	11.0	13	60288.0	36023.0	79000.0	43000.0	36000.0	24670.0	23450.0	25000.0	19060.0	110520.0	"
""Spain"""	23	92.0	78.0	38.0	63.0	73.0	111.0	69	114.0	62	140794.0	237125.0	213538.0	234108.0	84482.0	147495.0	86108.0	103033.0	173367.0	100328.0	"
""Romania"""	43	22.0	80.0	0.0	1.0	22.0	0.0	21	0.0	63	57701.0	80755.0	38918.0	42000.0	0.0	2145.0	253.0	0.0	839.0	88802.0	"
""Denmark"""	No Quantity	30.0	27.0	5.0	6.0	110.0	13.0	4	18.0	25	41840.0	36996.0	40878.0	51417.0	19749.0	64115.0	105852.0	36403.0	50950.0	78870.0	"
""Sweden"""	0	1.0	83.0	47.0	65.0	103.0	115.0	128	124.0	53	87907.0	55400.0	49500.0	39998.0	89940.0	70025.0	40981.0	65406.0	85517.0	65040.0	"
""Austria"""	40	24.0	1.0	128.0	30.0	161.0	163.0	65	124.0	74	44846.0	91901.0	119013.0	67309.0	78694.0	155919.0	29888.0	86753.0	96479.0	50235.0	"
""Ship stores and bunkers"""	1	18.0	58.0	62.0	68.0	74.0	33.0	20	7.0	1	2390.0	0.0	0.0	10494.0	61113.0	60056.0	70818.0	56509.0	64162.0	46751.0	"
""Poland"""	3	27.0	68.0	43.0	210.0	33.0	176.0	163	139.0	30	119200.0	409875.0	802300.0	341217.0	109300.0	23300.0	48200.0	100.0	27060.0	32500.0	"
""Saudi Arabia"""	26	51.0	3.0	14.0	26.0	29.0	2.0	1	1.0	No Quantity	51911.0	26004.0	50950.0	25800.0	2670.0	52055.0	51780.0	39500.0	24775.0	26000.0	"
""Morocco"""	100	0.0	200.0	21.0	0.0	21.0	0.0	0	0.0	0	80.0	121000.0	200000.0	475106.0	66984.0	364099.0	300000.0	0.0	225000.0	25000.0	"
""Switzerland"""	0	0.0	0.0	0.0	0.0	0.0	0.0	0	0.0	3	0.0	0.0	25080.0	0.0	600.0	0.0	0.0	0.0	0.0	20000.0	"
""China"""	19	36.0	0.0	0.0	0.0	6.0	44.0	0	6.0	0	17684.0	0.0	43164.0	12800.0	160680.0	84382.0	35420.0	140580.0	53864.0	14000.0	"
""Lithuania"""	22	22.0	0.0	0.0	22.0	0.0	24.0	4	0.0	22	4000.0	4000.0	0.0	0.0	1000.0	1000.0	3676.0	5200.0	4400.0	13500.0	"
""Cabo Verde"""	0	0.0	14.0	0.0	0.0	0.0	14.0	0	0.0	0	0.0	13464.0	0.0	0.0	13464.0	0.0	13464.0	0.0	0.0	13464.0	"
""Malaysia"""	6	8.0	1.0	4.0	0.0	5.0	1.0	4	0.0	0	16544.0	1440.0	6704.0	4840.0	18800.0	6400.0	800.0	7696.0	6400.0	8000.0	"
""Aruba"""	12	16.0	2.0	2.0	2.0	2.0	2.0	3	4.0	8	928.0	2923.0	2055.0	4365.0	8784.0	492.0	2445.0	4621.0	3224.0	7771.0	"
""Bulgaria"""	0	0.0	0.0	0.0	0.0	0.0	3.0	2	5.0	0	724.0	0.0	23029.0	2673.0	1536.0	2519.0	5383.0	0.0	14187.0	6082.0	"
""Malta"""	0	1.0	0.0	0.0	5.0	1.0	0.0	0	5.0	0	960.0	0.0	0.0	640.0	480.0	960.0	0.0	5000.0	0.0	5000.0	"
""Special categories"""	157	51.0	19.0	9.0	259.0	181.0	258.0	358	217.0	63	1295.0	2383.0	2086.0	1300.0	5414.0	1968.0	14303.0	3919.0	5270.0	4447.0	"
""Equatorial Guinea"""	0	0.0	2.0	3.0	12.0	0.0	1.0	1	8.0	6	8216.0	7802.0	6100.0	0.0	5512.0	1471.0	722.0	9601.0	0.0	3520.0	"
""Chad"""	1	2.0	2.0	2.0	0.0	0.0	0.0	1	1.0	0	0.0	3900.0	0.0	1100.0	0.0	0.0	2000.0	0.0	0.0	3500.0	"
""Portugal"""	1	1.0	1.0	0.0	1.0	2.0	0.0	1	1.0	0	310.0	774.0	628.0	974.0	919.0	1105.0	2936.0	4130.0	603.0	2994.0	"
""Korea, Republic of"""	0	0.0	20.0	0.0	0.0	0.0	0.0	0	0.0	0	2400.0	9000.0	2408.0	1604.0	3500.0	720.0	800.0	5000.0	1000.0	2880.0	"
""Liberia"""	2	0.0	1.0	3.0	2.0	0.0	0.0	1	1.0	0	1070.0	120.0	0.0	0.0	0.0	0.0	972.0	0.0	103.0	2680.0	"
""Ghana"""	5	0.0	0.0	0.0	1.0	1.0	0.0	0	0.0	0	0.0	0.0	800.0	0.0	0.0	120.0	2880.0	0.0	0.0	2060.0	"
""Cameroon"""	0	0.0	0.0	0.0	0.0	0.0	0.0	0	0.0	0	0.0	0.0	518.0	0.0	0.0	0.0	0.0	0.0	0.0	2000.0	"
""Central African Republic"""	0	0.0	0.0	0.0	0.0	0.0	0.0	0	0.0	0	0.0	0.0	1640.0	6700.0	4402.0	550.0	0.0	345.0	620.0	1700.0	"
""Uganda"""	0	0.0	0.0	0.0	0.0	0.0	0.0	0	0.0	0	0.0	0.0	0.0	0.0	0.0	0.0	288.0	0.0	0.0	1357.0	"
""Haiti"""	0	0.0	0.0	0.0	1.0	0.0	0.0	3	0.0	2	426.0	260.0	100.0	540.0	980.0	930.0	210.0	750.0	530.0	1300.0	"
""Estonia"""	0	0.0	0.0	0.0	0.0	0.0	1.0	0	0.0	0	0.0	644.0	0.0	0.0	766.0	0.0	0.0	0.0	0.0	1214.0	"
""Ireland"""	0	1.0	1.0	1.0	271.0	142.0	116.0	0	0.0	0	675.0	835.0	90802.0	976.0	565.0	843.0	1129.0	1183.0	858.0	1029.0	"
""Ethiopia"""	0	0.0	0.0	0.0	0.0	0.0	0.0	0	1.0	0	0.0	0.0	0.0	0.0	0.0	0.0	0.0	0.0	0.0	704.0	"
""Japan"""	0	0.0	0.0	0.0	0.0	0.0	75.0	50	0.0	0	0.0	0.0	50000.0	389200.0	0.0	0.0	1417800.0	475003.0	0.0	700.0	"
""Bonaire, Sint Eustatius and Saba"""	0	0.0	0.0	0.0	0.0	0.0	0.0	0	0.0	0	0.0	1051.0	639.0	252.0	248.0	0.0	0.0	388.0	1366.0	695.0	"
""Angola"""	0	4.0	2.0	9.0	0.0	0.0	1.0	5	1.0	4	250.0	250.0	0.0	0.0	1000.0	99.0	0.0	1200.0	2020.0	614.0	"
""Bangladesh"""	0	0.0	0.0	1.0	0.0	0.0	0.0	1	0.0	0	500.0	300.0	1080.0	500.0	0.0	0.0	0.0	0.0	524.0	524.0	"
""Mauritania"""	0	0.0	0.0	0.0	0.0	0.0	0.0	0	0.0	0	0.0	0.0	484.0	0.0	0.0	0.0	0.0	104.0	0.0	506.0	"
""Cambodia"""	0	0.0	1.0	0.0	0.0	0.0	0.0	0	0.0	0	224.0	1848.0	1736.0	448.0	224.0	0.0	920.0	0.0	336.0	488.0	"
""Iraq"""	22	0.0	1.0	0.0	0.0	0.0	0.0	0	20.0	0	618.0	0.0	880.0	6293.0	0.0	17260.0	0.0	0.0	562.0	440.0	"
""Côte d'Ivoire"""	0	0.0	0.0	0.0	0.0	0.0	0.0	0	0.0	0	0.0	0.0	0.0	0.0	430.0	0.0	160.0	0.0	0.0	295.0	"
""South Africa"""	0	0.0	0.0	0.0	0.0	0.0	0.0	0	0.0	0	975.0	0.0	0.0	0.0	0.0	0.0	0.0	0.0	0.0	200.0	"
""Luxembourg"""	0	11.0	0.0	0.0	22.0	44.0	44.0	No Quantity	0.0	22	0.0	0.0	62.0	120.0	21942.0	89.0	21948.0	21956.0	91.0	76.0	"
""Libya, State of"""	0	0.0	2.0	36.0	0.0	0.0	0.0	20	18.0	0	2330.0	50.0	16700.0	44.0	3188.0	16676.0	0.0	0.0	0.0	0.0	"
""Kuwait"""	0	0.0	0.0	50.0	0.0	125.0	0.0	0	0.0	0	0.0	0.0	776.0	0.0	819.0	0.0	0.0	0.0	0.0	0.0	"
""Lebanon"""	94	5.0	27.0	78.0	1.0	26.0	3.0	45	70.0	0	186.0	172560.0	2200.0	28000.0	150080.0	22200.0	50425.0	25000.0	113000.0	0.0	"
""Latvia"""	0	0.0	0.0	0.0	0.0	0.0	0.0	0	0.0	0	4800.0	0.0	0.0	0.0	0.0	0.0	0.0	0.0	0.0	0.0	"
""Mauritius"""	0	0.0	0.0	0.0	0.0	0.0	0.0	0	0.0	0	0.0	0.0	6880.0	0.0	0.0	0.0	0.0	0.0	0.0	0.0	"
""Mali"""	0	0.0	0.0	0.0	0.0	0.0	0.0	0	2.0	0	0.0	0.0	0.0	0.0	0.0	0.0	0.0	0.0	4300.0	0.0	"
""Netherlands Antilles"""	0	1.0	0.0	0.0	0.0	0.0	1.0	0	1.0	0	0.0	0.0	0.0	0.0	0.0	0.0	0.0	0.0	0.0	0.0	"
""Curaçao"""	0	0.0	0.0	0.0	0.0	0.0	0.0	0	0.0	0	710.0	3082.0	1529.0	2565.0	3688.0	1500.0	1152.0	2274.0	3500.0	0.0	"
""Moldova, Republic of"""	0	0.0	0.0	0.0	0.0	0.0	0.0	0	0.0	0	0.0	1114.0	0.0	0.0	0.0	768.0	0.0	0.0	0.0	0.0	"
""Jordan"""	1	1.0	0.0	0.0	25.0	0.0	0.0	0	0.0	0	0.0	0.0	25000.0	0.0	0.0	0.0	0.0	0.0	25000.0	0.0	"
""Israel"""	0	2.0	17.0	1.0	2.0	3.0	0.0	3	0.0	2	0.0	300.0	632.0	0.0	2022.0	2140.0	0.0	0.0	6800.0	0.0	"
""Iran, Islamic Republic of"""	0	0.0	0.0	0.0	0.0	0.0	0.0	0	0.0	0	0.0	0.0	0.0	0.0	0.0	0.0	0.0	100000.0	100000.0	0.0	"
""Hong Kong, China"""	0	0.0	0.0	0.0	0.0	0.0	0.0	0	0.0	0	0.0	346.0	0.0	420.0	0.0	270.0	0.0	420.0	0.0	0.0	"
""Iceland"""	0	0.0	0.0	0.0	1.0	0.0	0.0	0	0.0	0	0.0	0.0	0.0	0.0	0.0	0.0	0.0	0.0	0.0	0.0	"
""Gibraltar"""	0	0.0	0.0	0.0	0.0	0.0	0.0	0	0.0	0	0.0	0.0	0.0	0.0	0.0	0.0	0.0	0.0	0.0	0.0	"
""Guinea"""	10	0.0	0.0	0.0	0.0	0.0	0.0	0	0.0	0	0.0	0.0	0.0	0.0	15800.0	15800.0	0.0	0.0	0.0	0.0	"
""Barbados"""	2	0.0	0.0	0.0	0.0	0.0	0.0	0	0.0	0	0.0	0.0	0.0	0.0	0.0	0.0	0.0	0.0	0.0	0.0	"
""Azerbaijan"""	0	0.0	0.0	0.0	0.0	0.0	0.0	0	4.0	1	768.0	1536.0	0.0	0.0	0.0	0.0	0.0	0.0	0.0	0.0	"
""Algeria"""	0	0.0	0.0	0.0	28.0	0.0	0.0	0	0.0	0	0.0	0.0	0.0	0.0	0.0	0.0	0.0	0.0	0.0	0.0	"
""Comoros"""	0	0.0	0.0	0.0	0.0	0.0	0.0	0	0.0	0	0.0	0.0	0.0	0.0	0.0	850.0	0.0	0.0	0.0	0.0	"
""Congo"""	1	0.0	3.0	0.0	1.0	25.0	1.0	1	0.0	0	3500.0	0.0	904.0	300.0	1600.0	72.0	0.0	500.0	1623.0	0.0	"
""Congo, Democratic Republic of the"""	1	1.0	1.0	2.0	0.0	0.0	2.0	5	1.0	3	0.0	0.0	0.0	0.0	0.0	0.0	0.0	0.0	0.0	0.0	"
""Croatia"""	0	0.0	0.0	21.0	0.0	0.0	21.0	0	0.0	0	0.0	0.0	0.0	0.0	0.0	0.0	0.0	0.0	0.0	0.0	"
""Cuba"""	0	0.0	0.0	1.0	0.0	0.0	0.0	0	0.0	0	0.0	0.0	0.0	0.0	0.0	0.0	0.0	0.0	0.0	0.0	"
""Cyprus"""	0	0.0	20.0	0.0	11.0	0.0	0.0	36	0.0	0	216.0	0.0	48360.0	0.0	22866.0	37168.0	22500.0	37600.0	326.0	0.0	"
""Czech Republic"""	0	0.0	21.0	21.0	55.0	0.0	85.0	0	41.0	12	42700.0	43200.0	0.0	22200.0	0.0	43200.0	0.0	21000.0	0.0	0.0	"
""Eritrea"""	0	1.0	0.0	0.0	0.0	0.0	0.0	0	0.0	0	0.0	0.0	0.0	0.0	0.0	0.0	300.0	0.0	0.0	0.0	"
""Finland"""	0	0.0	0.0	0.0	1.0	8.0	0.0	3	0.0	0	5354.0	0.0	0.0	0.0	0.0	0.0	0.0	0.0	15.0	0.0	"
""Gabon"""	0	1.0	1.0	0.0	1.0	0.0	1.0	No Quantity	1.0	0	240.0	0.0	0.0	0.0	0.0	0.0	0.0	0.0	0.0	0.0	"
""Georgia"""	0	0.0	0.0	0.0	0.0	0.0	0.0	0	0.0	7	0.0	3072.0	0.0	0.0	0.0	7680.0	0.0	0.0	0.0	0.0	"
""Gambia"""	0	1.0	1.0	0.0	0.0	0.0	3.0	2	1.0	0	1200.0	910.0	0.0	1250.0	0.0	0.0	960.0	500.0	0.0	0.0	"
""Canada"""	0	0.0	0.0	0.0	0.0	0.0	0.0	0	0.0	0	803.0	0.0	0.0	0.0	127.0	0.0	400.0	0.0	0.0	0.0	"
""Chile"""	18	0.0	16.0	0.0	0.0	0.0	0.0	0	0.0	0	0.0	0.0	29664.0	0.0	0.0	0.0	0.0	0.0	0.0	0.0	"
""Dominican Republic"""	0	0.0	0.0	0.0	0.0	0.0	0.0	0	0.0	0	0.0	0.0	160.0	0.0	160.0	0.0	0.0	0.0	0.0	0.0	"
""Russian Federation"""	20	7.0	27.0	4.0	23.0	17.0	18.0	0	16.0	15	0.0	32348.0	0.0	0.0	0.0	16508.0	0.0	0.0	0.0	0.0	"
""Sao Tome and Principe"""	0	0.0	0.0	0.0	0.0	0.0	0.0	0	0.0	0	0.0	0.0	0.0	0.0	0.0	0.0	0.0	0.0	0.0	0.0	"
""Syrian Arab Republic"""	24	0.0	0.0	24.0	0.0	0.0	0.0	0	0.0	0	0.0	0.0	0.0	0.0	0.0	24000.0	0.0	0.0	0.0	0.0	"
""Trinidad and Tobago"""	0	0.0	0.0	0.0	0.0	0.0	0.0	0	0.0	0	0.0	0.0	0.0	0.0	0.0	0.0	0.0	0.0	0.0	0.0	"
""United Arab Emirates"""	0	0.0	0.0	0.0	7.0	6.0	0.0	6	9.0	12	17020.0	0.0	13824.0	12400.0	6912.0	25000.0	0.0	6912.0	0.0	0.0	"
""Ukraine"""	8	4.0	0.0	0.0	2.0	0.0	2.0	0	0.0	0	0.0	9536.0	0.0	0.0	0.0	0.0	0.0	768.0	0.0	0.0	"
""Macedonia, North"""	0	1.0	0.0	2.0	1.0	0.0	1.0	0	0.0	0	0.0	0.0	0.0	1252.0	0.0	0.0	1000.0	0.0	0.0	0.0	"
""Egypt"""	0	0.0	0.0	17.0	0.0	0.0	0.0	0	0.0	0	0.0	16800.0	0.0	0.0	16000.0	0.0	0.0	0.0	16800.0	0.0	"
""Sudan"""	0	0.0	0.0	0.0	0.0	0.0	0.0	0	0.0	0	0.0	1660.0	0.0	880.0	1969.0	0.0	1390.0	0.0	0.0	0.0	"
""Sudan (before 2012)"""	2	1.0	1.0	1.0	3.0	0.0	2.0	1	0.0	2	0.0	0.0	0.0	0.0	0.0	0.0	0.0	0.0	0.0	0.0	"
""New Zealand"""	0	0.0	0.0	0.0	0.0	0.0	0.0	0	0.0	0	0.0	0.0	0.0	77.0	0.0	0.0	0.0	0.0	0.0	0.0	"
""Niger"""	0	0.0	0.0	0.0	5.0	0.0	0.0	0	0.0	0	0.0	19323.0	0.0	0.0	0.0	0.0	0.0	0.0	0.0	0.0	"
""Nigeria"""	0	2.0	2.0	3.0	0.0	0.0	0.0	6	0.0	1	1500.0	2040.0	500.0	2572.0	0.0	4057.0	2452.0	0.0	0.0	0.0	"
""Norway"""	0	0.0	0.0	0.0	0.0	0.0	1.0	0	0.0	0	5970.0	0.0	2160.0	0.0	0.0	0.0	0.0	275.0	482.0	0.0	"
""Philippines"""	0	0.0	0.0	0.0	0.0	0.0	3.0	0	0.0	0	0.0	0.0	0.0	0.0	0.0	0.0	0.0	0.0	0.0	0.0	"
""Qatar"""	0	0.0	0.0	8.0	0.0	0.0	0.0	0	0.0	0	0.0	0.0	0.0	0.0	0.0	0.0	0.0	0.0	0.0	0.0	"
""Sint Maarten (Dutch part)"""	0	0.0	0.0	0.0	0.0	0.0	0.0	0	0.0	0	0.0	0.0	790.0	0.0	0.0	0.0	0.0	0.0	520.0	0.0	"
""Serbia"""	0	0.0	0.0	0.0	0.0	0.0	0.0	0	0.0	0	0.0	0.0	0.0	0.0	0.0	0.0	0.0	0.0	0.0	0.0	"
""Seychelles"""	0	0.0	0.0	0.0	0.0	0.0	0.0	0	0.0	0	0.0	0.0	0.0	0.0	0.0	0.0	0.0	0.0	0.0	0.0	"
""Sierra Leone"""	0	1.0	0.0	2.0	2.0	2.0	1.0	1	0.0	0	1025.0	0.0	300.0	5400.0	1000.0	2112.0	0.0	0.0	130.0	0.0	"
""Slovakia"""	0	3.0	0.0	2.0	1.0	23.0	0.0	0	23.0	0	21600.0	0.0	21600.0	21600.0	0.0	0.0	0.0	0.0	0.0	0.0	"
""Viet Nam"""	11	2.0	0.0	1.0	0.0	1.0	1.0	2	0.0	0	0.0	0.0	240.0	0.0	0.0	0.0	600.0	800.0	0.0	0.0	"
""Slovenia"""	0	0.0	0.0	0.0	0.0	0.0	0.0	0	4.0	0	0.0	21250.0	0.0	0.0	20000.0	0.0	1300.0	12050.0	10000.0	0.0	"
""Uzbekistan"""	20	20.0	19.0	0.0	0.0	0.0	0.0	0	0.0	0	0.0	0.0	0.0	0.0	0.0	0.0	0.0	0.0	0.0	0.0	"
""Venezuela, Bolivarian Republic of"""	0	0.0	0.0	0.0	0.0	42.0	0.0	0	0.0	0	0.0	0.0	0.0	0.0	0.0	0.0	0.0	0.0	0.0	0.0	"
""Yemen"""	0	0.0	0.0	75.0	0.0	0.0	0.0	0	0.0	0	0.0	130.0	0.0	0.0	100000.0	49975.0	0.0	0.0	0.0	0.0	
																					